14095013 17328
14095014 17328
14096004 17331
14096005 17331
14096007 17331
14096008 17331
14096077 17333
14096078 17333
14096079 17333
14097025 17338
14097026 17338
14097028 17338
14097040 17338
14097041 17338
14097063 17340
14097064 17340
14097065 17340
14097066 17340
14097067 17340
14097068 17340
14097070 17340
14098001 17340
14098002 17340
14098003 17340
14098004 17340
14098005 17340
14098006 17340
14098007 17340
14098009 17340
14098010 17340
14098011 17340
14098012 17340
14098013 17340
14098014 17340
14098032 17341
14098044 17341
14098045 17341
14098046 17341
14098069 17344
14098070 17344
14098071 17344
14098074 17344
14099009 17345
14099010 17345
14099012 17345
14099013 17345
14099014 17345
14099015 17345
14099016 17345
14099017 17345
14099018 17345
14099019 17345
14099020 17345
14099021 17345
14099022 17345
14099023 17345
14099024 17345
14099025 17345
14099026 17345
14099027 17345
14099028 17345
14099029 17345
14099030 17345
14099031 17345
14099032 17345
14099033 17345
14099045 17346
14099046 17346
14099047 17346
14099048 17346
14099049 17346
14099050 17346
14099089 17347
14099090 17347
14100003 17061
14100004 17352
14100005 17352
14100006 17352
14100007 17352
14100008 17352
14100009 17352
14100010 17352
14100011 17352
14100012 17352
14100014 17352
14100015 17352
14100016 17352
14100017 17352
14100018 17352
14100019 17352
14100020 17352
14100021 17352
14100022 17352
14100031 17352
14101035 17359
14101036 17359
14101041 17359
14101043 17359
14101052 17359
14101062 17359
14101063 17359
14101064 17359
14101065 17359
14101066 17359
14101067 17359
14102023 17367
14102024 17367
14102025 17367
14102026 17367
14102027 17367
14102028 17367
14102032 17367
14102043 17367
14102047 17368
14104018 17379
14104039 17380
14104040 17380
14104041 17380
14104042 17380
14104043 17380
14104044 17380
14104045 17380
14104046 17380
14104047 17380
14104048 17380
14104049 17380
14104050 17380
14104051 17380
14104052 17380
14104053 17380
14104057 17382
14104059 17382
14104060 17382
14104061 17382
14104062 17382
14104063 17382
14105001 17382
14105002 17382
14105003 17382
14105004 17382
14105006 17382
14105007 17382
14105008 17382
14105009 17382
14105010 17382
14105011 17382
14105012 17382
14105013 17382
14105014 17382
14105015 17382
14105016 17382
14105018 17384
14105019 17384
14105020 17384
14105021 17384
14105022 17384
14105023 17384
14105024 17384
14105025 17384
14105026 17384
14105029 17384
14105030 17384
14105031 17384
14105032 17384
14105033 17384
14105034 17384
14105035 17384
14105036 17384
14105037 17384
14105038 17384
14105039 17384
14105043 17389
14106001 17389
14106002 17389
14106003 17389
14106004 17389
14106005 17389
14106006 17389
14106007 17389
14106008 17389
14106013 17391
14106014 17391
14106020 17391
14106021 17391
14106022 17391
14106023 17391
14106024 17391
14106025 17391
14106026 17391
14106027 17391
14106028 17391
14106029 17391
14106030 17391
14106031 17391
14106032 17391
14106033 17391
14106034 17391
14106035 17391
14106036 17391
14106037 17391
14106038 17391
14106039 17391
14106040 17391
14106041 17391
14106042 17391
14106043 17391
14107015 17394
14107016 17394
14107017 17394
14107018 17394
14107132 17396
14107133 17396
14107134 17396
14107135 17396
14107139 17396
14107140 17396
14107141 17396
14107142 17396
14107144 17396
14108001 17396
14108002 17396
14108003 17396
14108005 17396
14108006 17396
14108007 17396
14108008 17396
14108013 17396
14108014 17396
14108015 17396
14108016 17396
14108017 17396
14108018 17396
14108019 17396
14108047 17399
14108059 17399
14108073 17399
14108075 17399
14108076 17399
14108077 17399
14108078 17399
14108079 17399
14108080 17399
14108081 17399
14108082 17399
14108083 17399
14108084 17399
14108085 17399
14108086 17399
14108087 17399
14108089 17399
14108090 17399
14108091 17399
14108092 17399
14108093 17399
14108095 17399
14108096 17399
14108097 17399
14109012 17402
14109013 17402
14109014 17402
14109015 17402
14109016 17402
14109017 17402
14109018 17402
14109019 17402
14109020 17402
14109021 17402
14109022 17402
14109023 17402
14109024 17402
14109025 17402
14109026 17402
14109027 17402
14109028 17402
14109029 17402
14109030 17402
14109045 17403
14109046 17403
14109047 17403
14109050 17403
14109080 17405
14109081 17405
14109082 17405
14110003 17406
14110004 17406
14110005 17406
14110006 17406
14110007 17406
14110009 17406
14110012 17406
14110013 17406
14110014 17406
14110017 17406
14110018 17406
14110019 17406
14110020 17406
14110021 17406
14110022 17406
14110023 17406
14110024 17406
14110025 17406
14110026 17406
14110027 17406
14110041 17407
14110042 17407
14110044 17407
14110045 17407
14110046 17407
14110047 17407
14110048 17407
14110049 17407
14110050 17407
14110051 17407
14110052 17407
14110053 17407
14110054 17407
14110055 17407
14110056 17407
14110057 17407
14110058 17407
14110059 17407
14110060 17407
14110061 17407
14110062 17407
14110064 17407
14110065 17407
14110071 17408
14111035 17409
14111036 17409
14111037 17409
14111038 17409
14111046 17410
14111047 17410
14111048 17410
14111049 17410
14111050 17410
14111068 17410
14111069 17410
14111070 17410
14111071 17410
14112022 17414
14112024 17414
14112025 17414
14112026 17414
14112030 17414
14112031 17414
14112032 17414
14112033 17414
14112034 17414
14112093 17415
14113001 17415
14113003 17415
14113004 17415
14113034 17416
14113035 17416
14113038 17416
14113039 17416
14113040 17416
14115063 17426
14115064 17426
14115065 17426
14115066 17426
14115067 17426
14115068 17426
14115069 17426
14115070 17426
14115071 17426
14115072 17426
14115073 17426
14115074 17426
14115075 17426
14116001 17426
14116002 17426
14116011 17427
14116014 17427
14116015 17427
14116016 17427
14116017 17427
14116018 17427
14116019 17427
14116020 17427
14116021 17427
14116025 17427
14116026 17427
14116027 17427
14116043 17429
14116044 17429
14116045 17429
14116046 17429
14116047 17429
14116048 17429
14116049 17429
14116050 17429
14116051 17429
14116052 17429
14116055 17429
14116056 17429
14116057 17429
14116058 17429
14116059 17429
14116060 17429
14116065 17429
14117001 17429
14117002 17429
14117004 17429
14117011 17430
14117012 17430
14117013 17430
14117014 17430
14117015 17430
14117016 17430
14117017 17430
14117018 17430
14117019 17430
14117020 17430
14117021 17430
14117022 17430
14117023 17430
14117024 17430
14117025 17430
14117026 17430
14117027 17430
14117028 17430
14117042 17431
14117044 17431
14117045 17431
14117046 17431
14117047 17431
14117048 17431
14117052 17431
14117053 17431
14117054 17431
14117055 17431
14117056 17431
14117058 17431
14117059 17431
14117060 17431
14117061 17431
14117062 17431
14117063 17431
14117064 17431
14117065 17431
14117067 17431
14117069 17431
14118013 17433
14118014 17433
14118015 17433
14118016 17433
14118017 17433
14118018 17433
14118019 17433
14118020 17433
14118021 17433
14118022 17433
14118023 17433
14118024 17433
14118025 17433
14118026 17433
14118028 17433
14118029 17433
14118030 17433
14118032 17433
14118033 17433
14118034 17433
14118035 17433
14118047 17434
14118048 17434
14118049 17434
14118050 17434
14118051 17434
14118052 17434
14118053 17434
14118054 17434
14118055 17434
14118056 17434
14118057 17434
14118058 17434
14118059 17434
14118060 17434
14118061 17434
14118062 17434
14118063 17434
14118064 17434
14119005 17436
14119006 17436
14119007 17436
14119008 17436
14119009 17436
14119010 17436
14119011 17436
14119012 17436
14119013 17436
14119014 17436
14119015 17436
14119016 17436
14119017 17436
14119018 17436
14119019 17436
14119020 17436
14119021 17436
14119022 17436
14119023 17436
14119024 17436
14120110 17443
14120113 17443
14120114 17443
14120115 17443
14120116 17443
14120117 17443
14120118 17443
14120119 17443
14120120 17443
14120121 17443
14121001 17443
14121002 17443
14121003 17443
14121004 17443
14121009 17443
14121010 17443
14121013 17443
14121014 17443
14121015 17443
14121016 17443
14121017 17443
14121018 17443
14121019 17443
14121020 17443
14121021 17443
14121022 17443
14121023 17443
14122002 17447
14122003 17447
14122004 17447
14122005 17447
14122006 17447
14122007 17447
14122008 17447
14122009 17447
14122010 17447
14122011 17447
14122012 17447
14122013 17447
14122014 17447
14122015 17447
14122016 17447
14122017 17447
14122018 17447
14122019 17447
14122020 17447
14122021 17447
14122022 17447
14122023 17447
14122024 17447
14122025 17447
14122045 17451
14122046 17451
14122047 17451
14122048 17451
14122049 17451
14122055 17451
14122056 17451
14122057 17451
14122058 17451
14122059 17451
14122060 17451
14122061 17451
14122062 17451
14123001 17451
14123002 17451
14123003 17451
14123004 17451
14123005 17451
14123006 17451
14123008 17451
14123009 17451
14123010 17451
14123015 17452
14123016 17452
14123017 17452
14123018 17452
14123019 17452
14123021 17452
14123022 17452
14123023 17452
14123024 17452
14123025 17452
14123026 17452
14123027 17452
14123028 17452
14123029 17452
14123030 17452
14123054 17453
14123055 17453
14123057 17453
14123058 17453
14123075 17454
14123076 17454
14123077 17454
14123078 17454
14124001 17454
14124002 17454
14124003 17454
14124004 17454
14124005 17454
14124006 17454
14124007 17454
14124022 17455
14124023 17455
14124024 17455
14124025 17455
14124026 17455
14124027 17455
14124028 17455
14124029 17455
14124030 17455
14124031 17455
14124032 17455
14124033 17455
14124034 17455
14124035 17455
14124036 17455
14124037 17455
14124038 17455
14124039 17455
14125002 17461
14125003 17461
14125004 17461
14125005 17461
14129021 17479
14129022 17479
14129023 17479
14129024 17479
14129025 17479
14129026 17479
14129027 17479
14129028 17479
14129029 17479
14129071 17482
14129073 17482
14129074 17482
14129075 17482
14129077 17482
14130007 17484
14130027 17485
14130033 17485
14130034 17485
14130035 17485
14130036 17485
14130037 17485
14130039 17485
14130040 17485
14130041 17485
14130042 17485
14130043 17485
14130067 17486
14130068 17486
14130069 17486
14130070 17486
14130071 17486
14130072 17486
14130073 17486
14130074 17486
14130075 17486
14130076 17486
14130077 17486
14131001 17486
14131002 17486
14131003 17486
14131012 17488
14131013 17488
14131014 17488
14131015 17488
14131016 17488
14131020 17488
14131021 17488
14131022 17488
14131024 17488
14131025 17488
14131026 17488
14131027 17488
14131028 17488
14131029 17488
14132006 17491
14132007 17491
14132008 17491
14132009 17491
14132011 17491
14132012 17491
14132013 17491
14132015 17491
14132016 17491
14132018 17491
14132019 17491
14132020 17491
14132021 17491
14132022 17491
14132023 17491
14132024 17491
14132025 17491
14132026 17491
14132039 17492
14132040 17492
14132041 17492
14132042 17492
14132044 17492
14132046 17492
14132047 17492
14132058 17494
14132059 17494
14132060 17494
14132061 17494
14132067 17494
14132068 17494
14132075 17494
14132076 17494
14132077 17494
14132078 17494
14132079 17494
14132080 17494
14132082 17494
14133001 17494
14133002 17494
14133003 17494
14133004 17494
14133008 17495
14133018 17495
14134056 17502
14134057 17502
14134058 17502
14134062 17502
14134063 17502
14134064 17502
14134065 17502
14135001 17502
14135002 17502
14135003 17502
14135004 17502
14135005 17502
14135006 17502
14135007 17502
14135015 17503
14135016 17503
14135017 17503
14135019 17503
14135021 17503
14135022 17503
14135023 17503
14136002 17512
14136004 17512
14136005 17512
14136006 17512
14136007 17512
14136008 17512
14136009 17512
14136010 17512
14136011 17512
14136012 17512
14136013 17512
14136014 17512
14136030 17513
14136031 17513
14136032 17513
14136033 17513
14136034 17513
14136035 17513
14136036 17513
14136037 17513
14136047 17514
14136048 17514
14136049 17514
14136050 17514
14136053 17514
14136054 17514
14136055 17514
14136056 17514
14136057 17514
14136059 17514
14136060 17514
14136061 17514
14137001 17514
14137002 17514
14137003 17514
14137004 17514
14137005 17514
14137009 17515
14137010 17515
14137011 17515
14137012 17515
14137013 17515
14137014 17515
14137016 17515
14137017 17515
14137018 17515
14137019 17515
14137020 17515
14137021 17515
14137046 17517
14137049 17517
14137055 17517
14137059 17517
14137060 17517
14137061 17517
14137064 17517
14137065 17517
14137067 17517
14137068 17517
14137070 17517
14137071 17517
14137073 17517
14137076 17517
14137078 17517
14137080 17517
14137082 17517
14137084 17517
14137085 17517
14137086 17517
14137090 17517
14138002 17518
14138003 17518
14138004 17518
14138005 17518
14138006 17518
14138007 17518
14138008 17518
14138011 17518
14138012 17518
14138016 17519
14138018 17519
14138019 17519
14138020 17519
14138021 17519
14138022 17519
14138023 17519
14138024 17519
14138025 17519
14138026 17519
14138027 17519
14138028 17519
14138029 17519
14138030 17519
14138031 17519
14138032 17519
14138033 17519
14138034 17519
14138040 17520
14138041 17520
14138042 17520
14138043 17520
14138044 17520
14138045 17520
14138046 17520
14138047 17520
14138048 17520
14138050 17520
14138051 17520
14138052 17520
14138060 17520
14138061 17520
14138062 17520
14138063 17520
14138064 17520
14138065 17520
14138066 17520
14139001 17520
14139002 17520
14139015 17521
14139016 17521
14139017 17521
14139018 17521
14139019 17521
14139020 17521
14139021 17521
14139022 17521
14139023 17521
14139043 17524
14139044 17524
14139046 17524
14139047 17524
14139049 17524
14139050 17524
14139051 17524
14139052 17524
14139058 17526
14139059 17526
14139060 17526
14139062 17526
14139065 17526
14139068 17526
14139069 17526
14139070 17526
14139071 17526
14140001 17526
14140002 17526
14140003 17526
14140004 17526
14140005 17526
14140006 17526
14140007 17526
14140008 17526
14140014 17527
14140015 17527
14140016 17527
14140017 17527
14140018 17527
14140019 17527
14140020 17527
14140021 17527
14140022 17527
14140023 17527
14140024 17527
14140025 17527
14140026 17527
14140027 17527
14140028 17527
14140029 17527
14140030 17527
14140043 17529
14140044 17529
14140045 17529
14140046 17529
14140047 17529
14140048 17529
14140049 17529
14140050 17529
14140051 17529
14140052 17529
14140053 17529
14140054 17529
14140055 17529
14140056 17529
14140057 17529
14140058 17529
14140059 17529
14140060 17529
14140061 17529
14140062 17529
14141002 17530
14141007 17530
14141014 17530
14141015 17530
14141016 17530
14141017 17530
14141018 17530
14141019 17530
14141020 17530
14141021 17530
14141022 17530
14141023 17530
14141024 17530
14141025 17530
14141042 17533
14141043 17533
14141044 17533
14141045 17533
14141046 17533
14141047 17533
14141049 17533
14141050 17533
14141051 17533
14141052 17533
14141053 17533
14141054 17533
14141055 17533
14141056 17533
14141057 17533
14141068 17534
14141069 17534
14141070 17534
14141071 17534
14141072 17534
14142001 17534
14142002 17534
14142003 17534
14142004 17534
14142005 17534
14142006 17534
14142007 17534
14142008 17534
14142009 17534
14142010 17534
14142011 17534
14142012 17534
14142013 17534
14142014 17534
14142015 17534
14142016 17534
14142017 17534
14142106 17536
14142107 17536
14142108 17536
14142109 17536
14142110 17536
14142113 17536
14142114 17536
14142117 17536
14142118 17536
14142121 17536
14142122 17536
14142123 17538
14142132 17538
14142133 17538
14143080 17543
14143081 17543
14143083 17543
14143084 17543
14143086 17543
14143090 17543
14143091 17543
14143092 17543
14143093 17543
14143111 17544
14143112 17544
14143113 17544
14143114 17544
14143115 17544
14143116 17544
14143117 17544
14143118 17544
14143119 17544
14143120 17544
14143121 17544
14144002 17544
14144003 17544
14144004 17544
14144005 17544
14144006 17544
14144007 17544
14144008 17544
14144021 17545
14144022 17545
14144023 17545
14144024 17545
14144025 17545
14144026 17545
14144027 17545
14144028 17545
14144029 17545
14144030 17545
14144031 17545
14144032 17545
14144035 17545
14144036 17545
14144037 17545
14144041 17545
14144042 17545
14144043 17545
14144045 17545
14144046 17545
14144047 17545
14144048 17545
14144049 17545
14144051 17545
14144055 17545
14144057 17545
14144115 17548
14144116 17548
14144117 17548
14144118 17548
14144119 17548
14144120 17548
14144121 17548
14144122 17548
14144125 17548
14144126 17548
14144127 17548
14144128 17548
14145009 17550
14145010 17550
14145011 17550
14145012 17550
14145021 17550
14145022 17550
14145023 17550
14145024 17550
14145025 17550
14145026 17550
14145028 17550
14145029 17550
14145030 17550
14145031 17550
14145032 17550
14145033 17550
14145034 17550
14145035 17550
14145036 17550
14145037 17550
14145038 17550
14145039 17550
14145040 17550
14145063 17553
14145064 17553
14145066 17553
14145067 17553
14145068 17553
14145069 17553
14145070 17553
14145071 17553
14145072 17553
14145073 17553
14145074 17553
14145075 17553
14145076 17553
14145077 17553
14145078 17553
14145080 17553
14145081 17553
14145082 17553
14145083 17553
14145084 17553
14145085 17553
14145090 17553
14146006 17554
14146007 17554
14146008 17554
14146009 17554
14146010 17554
14146011 17554
14146012 17554
14146013 17554
14146014 17554
14146015 17554
14146016 17554
14146017 17554
14146018 17554
14146019 17554
14146020 17554
14146021 17554
14146022 17554
14146023 17554
14146024 17554
14146025 17554
14146026 17554
14146027 17554
14146028 17554
14146029 17554
14146050 17555
14146051 17555
14146052 17555
14146053 17555
14146054 17555
14146055 17555
14146056 17555
14146057 17555
14146058 17555
14146059 17555
14146060 17555
14146065 17555
14146066 17555
14146067 17555
14146068 17555
14146069 17555
14146070 17555
14146071 17555
14146072 17555
14146073 17555
14146074 17555
14146075 17555
14146076 17555
14146083 17556
14146084 17556
14146085 17556
14147001 17556
14147002 17556
14147003 17556
14147004 17556
14147005 17556
14147006 17556
14147007 17556
14147008 17556
14147009 17556
14147010 17556
14147011 17556
14147012 17556
14147013 17556
14147014 17556
14147015 17556
14147016 17556
14147017 17556
14147018 17556
14147049 17558
14147050 17558
14147051 17558
14147052 17558
14147053 17558
14147054 17558
14147055 17558
14147056 17558
14147057 17558
14147058 17558
14147060 17558
14147061 17558
14147062 17558
14147063 17558
14147065 17558
14147066 17558
14147067 17558
14147068 17558
14147074 17558
14147075 17558
14147076 17558
14147077 17558
14148011 17560
14148012 17560
14148013 17560
14148014 17560
14148015 17560
14148017 17560
14148018 17560
14148019 17560
14148020 17560
14148021 17560
14148022 17560
14148023 17560
14148024 17560
14148025 17560
14148026 17560
14148027 17560
14148028 17560
14148029 17560
14148030 17560
14148031 17560
14148032 17560
14148033 17560
14148034 17560
14148056 17561
14148057 17561
14148058 17561
14148059 17561
14148060 17561
14148061 17561
14148065 17561
14148066 17561
14148067 17561
14148068 17561
14148069 17561
14148070 17561
14148071 17561
14148072 17561
14148073 17561
14148074 17561
14148075 17561
14148076 17561
14148077 17561
14148078 17561
14148079 17561
14148080 17561
14148081 17561
14148082 17561
14149005 17562
14149006 17562
14149008 17562
14149009 17562
14149010 17562
14149011 17562
14149012 17562
14149013 17562
14149014 17562
14149016 17562
14149017 17562
14149018 17562
14149019 17562
14149020 17562
14149021 17562
14149022 17562
14149023 17562
14149024 17562
14149025 17562
14149026 17562
14149027 17562
14149028 17562
14149030 17562
14149032 17562
14149033 17562
14149034 17562
14149035 17562
14149036 17562
14149037 17562
14149038 17562
14149126 17566
14149128 17566
14149129 17566
14149130 17566
14149131 17566
14150002 17568
14150003 17568
14150004 17568
14150005 17568
14150006 17568
14150007 17568
14150008 17568
14150010 17568
14150011 17568
14150012 17568
14150013 17568
14150014 17568
14150015 17568
14150016 17568
14150019 17568
14150130 17570
14150131 17570
14150132 17570
14150133 17570
14150134 17570
14150135 17570
14150136 17570
14150137 17570
14150138 17570
14150139 17570
14151001 17570
14151009 17570
14151010 17570
14151011 17570
14151012 17570
14151013 17570
14151014 17570
14151019 17571
14151022 17571
14151023 17571
14151024 17571
14151025 17571
14151026 17571
14151027 17571
14151029 17571
14151030 17571
14151031 17571
14151032 17571
14151033 17571
14151034 17571
14151035 17571
14151036 17571
14151037 17571
14151038 17571
14151039 17571
14151042 17571
14151084 17572
14151085 17572
14151089 17572
14151090 17572
14151093 17572
14151095 17572
14151096 17572
14151097 17572
14151098 17572
14151100 17572
14151101 17572
14151102 17572
14151103 17572
14151104 17572
14151105 17572
14151106 17572
14151107 17572
14151108 17572
14151109 17572
14152001 17572
14152002 17572
14152006 17573
14152007 17573
14152008 17573
14152009 17573
14152010 17573
14152011 17573
14152012 17573
14152013 17573
14152014 17573
14152015 17573
14152016 17573
14152017 17573
14152018 17573
14152019 17573
14152020 17573
14152021 17573
14152022 17573
14152023 17573
14152045 17576
14152046 17576
14152047 17576
14152048 17576
14152049 17576
14152050 17576
14152051 17576
14152052 17576
14152053 17576
14152054 17576
14152057 17576
14152058 17576
14152059 17576
14152060 17576
14152065 17576
14152066 17576
14152067 17576
14152068 17576
14153003 17579
14153006 17579
14153007 17579
14153008 17579
14153009 17579
14153010 17579
14153011 17579
14153012 17579
14153013 17579
14153014 17579
14153015 17579
14153016 17579
14153017 17579
14153018 17579
14153019 17579
14153020 17579
14153021 17579
14153022 17579
14153023 17579
14153024 17579
14153036 17580
14153037 17580
14153038 17580
14153039 17580
14153040 17580
14153041 17580
14153042 17580
14153044 17580
14153045 17580
14153046 17580
14153047 17580
14153048 17580
14153049 17580
14153053 17580
14153054 17580
14153055 17580
14153056 17580
14153057 17580
14153058 17580
14153059 17580
14153060 17580
14153061 17580
14153062 17580
14153063 17580
14153064 17580
14153070 17581
14153071 17581
14153072 17581
14153073 17581
14154001 17581
14154002 17581
14154003 17581
14154004 17581
14154005 17581
14154006 17581
14154007 17581
14154008 17581
14154009 17581
14154010 17581
14154011 17581
14154012 17581
14154013 17581
14154014 17581
14154015 17581
14154016 17581
14154017 17581
14154018 17581
14154020 17581
14154031 17583
14154032 17583
14154033 17583
14154034 17583
14154035 17583
14154036 17583
14154037 17583
14154038 17583
14154039 17583
14154040 17583
14154041 17583
14154042 17583
14154043 17583
14154044 17583
14154045 17583
14154046 17583
14154054 17583
14155004 17586
14155005 17586
14155006 17586
14155007 17586
14155008 17586
14155009 17586
14155010 17586
14155011 17586
14155012 17586
14155013 17586
14155044 17586
14155046 17586
14155047 17586
14155048 17586
14155049 17586
14155050 17586
14155051 17586
14155056 17586
14155057 17586
14155058 17586
14155059 17586
14155060 17586
14155061 17586
14155062 17586
14155064 17586
14155086 17587
14155087 17587
14155088 17587
14155089 17587
14155091 17587
14155092 17587
14155093 17587
14155094 17587
14155095 17587
14155096 17587
14155097 17587
14155098 17587
14155099 17587
14155100 17587
14156001 17587
14156003 17587
14156015 17589
14156016 17589
14156094 17593
14157001 17593
14157002 17593
14157003 17593
14157004 17593
14157005 17593
14157006 17593
14157007 17593
14157008 17593
14157009 17593
14157010 17593
14157011 17593
14157013 17593
14157014 17593
14157015 17593
14157016 17593
14157017 17593
14157018 17593
14157019 17593
14157020 17593
14157021 17593
14157022 17593
14157023 17593
14157024 17593
14158001 17594
14158002 17594
14158003 17594
14158004 17594
14158005 17594
14158006 17594
14158015 17596
14158016 17596
14158017 17596
14158038 17600
14158039 17600
14158040 17600
14158044 17600
14158045 17600
14158048 17600
14158050 17600
14158051 17600
14158052 17600
14158055 17600
14159001 17600
14159002 17600
14159003 17600
14159004 17600
14159005 17600
14159006 17600
14159007 17600
14159008 17600
14159009 17600
14159010 17600
14159011 17600
14159012 17600
14159013 17600
14159014 17600
14159015 17600
14159016 17600
14159017 17600
14159018 17600
14159019 17600
14159020 17600
14159021 17600
14159022 17600
14159023 17600
14159024 17600
14159025 17600
14159026 17600
14159028 17600
14159029 17600
14159042 17600
14159043 17600
14159044 17600
14159045 17600
14159046 17600
14159049 17600
14159050 17600
14159051 17600
14159052 17600
14159053 17600
14159054 17600
14159055 17600
14159056 17600
14159057 17600
14159058 17600
14159059 17600
14159060 17600
14159061 17600
14159062 17600
14159063 17600
14159064 17600
14159065 17600
14159066 17600
14159067 17600
14159068 17600
14159069 17600
14159070 17600
14159071 17600
14159072 17600
14159073 17600
14159074 17600
14159075 17600
14160010 17600
14160011 17600
14160012 17600
14160014 17600
14160015 17600
14160016 17600
14160017 17600
14160018 17600
14160019 17600
14160020 17600
14160021 17600
14160022 17600
14160023 17600
14160024 17600
14160025 17600
14160026 17600
14160027 17600
14161002 17601
14161003 17601
14161004 17601
14161005 17601
14161006 17601
14161007 17601
14161008 17601
14161009 17601
14161010 17601
14161011 17601
14161012 17601
14161013 17601
14161014 17601
14161015 17601
14161016 17601
14161017 17601
14161018 17601
14161019 17601
14161020 17601
