14096078 17333 759
14096079 17333 458
14097026 17338 1633
14097028 17338 594
14097063 17340 1028
14097064 17340 1361
14097065 17340 1691
14097067 17340 1131
14097068 17340 1355
14097070 17340 1562
14098002 17340 1051
14098004 17340 576
14098005 17340 552
14098006 17340 1332
14098007 17340 1173
14098010 17340 1619
14098011 17340 1006
14098012 17340 1543
14098013 17340 1540
14098044 17341 904
14098045 17341 926
14099009 17345 320
14099010 17345 596
14099012 17345 1062
14099013 17345 1823
14099014 17345 1804
14099015 17345 810
14099016 17345 758
14099017 17345 1720
14099018 17345 441
14099019 17345 256
14099020 17345 1802
14099024 17345 520
14099025 17345 1845
14099027 17345 1510
14099028 17345 319
14099029 17345 1092
14099030 17345 2119
14099031 17345 557
14099032 17345 1694
14099033 17345 858
14099047 17346 1862
14099048 17346 1839
14099089 17347 2012
14099090 17347 1571
14100003 17061 1045
14100004 17352 1748
14100006 17352 339
14100007 17352 1216
14100008 17352 1495
14100009 17352 1081
14100011 17352 1620
14100012 17352 294
14100014 17352 1812
14100018 17352 1708
14100019 17352 309
14100020 17352 1395
14100021 17352 1814
14100022 17352 1815
14101035 17359 247
14104039 17380 1855
14104040 17380 1808
14104041 17380 1844
14104042 17380 766
14104044 17380 1825
14104045 17380 1642
14104046 17380 1809
14104047 17380 1416
14104049 17380 800
14104050 17380 1119
14104051 17380 963
14104053 17380 3809
14104059 17382 2959
14104060 17382 602
14104061 17382 2497
14104062 17382 2478
14104063 17382 739
14105001 17382 1848
14105002 17382 2217
14105006 17382 1794
14105007 17382 604
14105008 17382 1833
14105009 17382 1033
14105010 17382 284
14105011 17382 1011
14105013 17382 1069
14105014 17382 1470
14105015 17382 1452
14105016 17382 838
14105019 17384 1804
14105020 17384 1598
14105021 17384 1810
14105022 17384 1331
14105023 17384 297
14105024 17384 1806
14105025 17384 1809
14105026 17384 1608
14105029 17384 473
14105030 17384 312
14105031 17384 1009
14105032 17384 1811
14105033 17384 1807
14105034 17384 1952
14105035 17384 298
14105036 17384 1810
14105037 17384 1868
14105038 17384 1514
14105039 17384 271
14105043 17389 1817
14106002 17389 1067
14106003 17389 538
14106004 17389 1700
14106005 17389 883
14106006 17389 291
14106007 17389 1808
14106008 17389 702
14106014 17391 305
14106030 17391 2442
14106031 17391 531
14106032 17391 375
14106033 17391 1483
14106034 17391 1662
14106035 17391 1633
14106036 17391 1193
14106037 17391 526
14106039 17391 1346
14106040 17391 384
14106041 17391 491
14106042 17391 2275
14106043 17391 1230
14107015 17394 919
14107016 17394 543
14107017 17394 1554
14107018 17394 530
14107133 17396 1049
14107134 17396 688
14107139 17396 783
14107141 17396 995
14107142 17396 248
14107144 17396 1290
14108001 17396 1616
14108002 17396 1855
14108003 17396 1869
14108005 17396 2197
14108006 17396 1702
14108007 17396 1684
14108008 17396 411
14108013 17396 746
14108014 17396 1673
14108015 17396 1970
14108016 17396 725
14108017 17396 1652
14108018 17396 862
14108019 17396 582
14108059 17399 987
14108073 17399 1038
14108075 17399 219
14108077 17399 1210
14108078 17399 1641
14108079 17399 222
14108080 17399 1750
14108081 17399 1524
14108082 17399 203
14108083 17399 1778
14108084 17399 1525
14108085 17399 1705
14108086 17399 468
14108091 17399 1196
14108092 17399 659
14108095 17399 1324
14108096 17399 1057
14108097 17399 591
14109012 17402 606
14109013 17402 635
14109014 17402 2246
14109015 17402 974
14109016 17402 990
14109017 17402 455
14109018 17402 1241
14109019 17402 330
14109020 17402 637
14109021 17402 2576
14109022 17402 2510
14109023 17402 948
14109024 17402 258
14109025 17402 1703
14109026 17402 194
14109027 17402 399
14109028 17402 614
14109030 17402 2764
14109045 17403 428
14109046 17403 1621
14109047 17403 851
14109082 17405 1634
14110003 17406 1209
14110004 17406 1861
14110005 17406 1091
14110007 17406 1219
14110009 17406 469
14110012 17406 798
14110013 17406 318
14110014 17406 956
14110018 17406 1691
14110019 17406 331
14110020 17406 1809
14110021 17406 1881
14110022 17406 2653
14110023 17406 245
14110024 17406 328
14110025 17406 2567
14110026 17406 2172
14110027 17406 1071
14110041 17407 591
14110044 17407 1992
14110045 17407 2900
14110046 17407 1074
14110047 17407 428
14110048 17407 2784
14110050 17407 2777
14110051 17407 2713
14110053 17407 841
14110054 17407 1749
14110055 17407 315
14110056 17407 240
14110057 17407 452
14110058 17407 1708
14110059 17407 1685
14110060 17407 225
14110061 17407 1663
14110062 17407 1699
14110064 17407 655
14110065 17407 251
14111035 17409 526
14111036 17409 2022
14111037 17409 619
14111038 17409 2008
14111046 17410 423
14111047 17410 1743
14111048 17410 1464
14111068 17410 356
14111070 17410 600
14112024 17414 560
14112025 17414 518
14112032 17414 340
14112033 17414 433
14112034 17414 1549
14113001 17415 497
14113003 17415 678
14113035 17416 2201
14113038 17416 1956
14113039 17416 810
14115063 17426 2219
14115064 17426 2265
14115065 17426 2190
14115066 17426 404
14115067 17426 2459
14115068 17426 2494
14115069 17426 2456
14115070 17426 2104
14115071 17426 626
14115072 17426 2313
14115074 17426 2307
14115075 17426 2048
14116001 17426 1807
14116002 17426 719
14116014 17427 548
14116015 17427 2171
14116017 17427 381
14116019 17427 1784
14116020 17427 1589
14116021 17427 1821
14116025 17427 420
14116026 17427 1131
14116027 17427 2415
14116046 17429 497
14116047 17429 2673
14116048 17429 938
14116050 17429 496
14116051 17429 844
14116055 17429 2836
14116056 17429 3396
14116057 17429 334
14117002 17429 1877
14117004 17429 982
14117012 17430 1418
14117013 17430 1405
14117015 17430 509
14117016 17430 1189
14117019 17430 553
14117020 17430 1763
14117021 17430 892
14117022 17430 388
14117023 17430 2502
14117024 17430 2635
14117025 17430 2737
14117026 17430 2031
14117027 17430 2403
14117028 17430 2407
14117044 17431 2549
14117046 17431 1002
14117047 17431 595
14117053 17431 676
14117055 17431 746
14117056 17431 1156
14117058 17431 2580
14117059 17431 2700
14117060 17431 2296
14117061 17431 1245
14117062 17431 259
14117063 17431 3516
14117064 17431 3318
14117065 17431 968
14117069 17431 1681
14118013 17433 1820
14118014 17433 1942
14118015 17433 1942
14118016 17433 1820
14118017 17433 2025
14118018 17433 834
14118019 17433 368
14118020 17433 1830
14118021 17433 1450
14118022 17433 1652
14118023 17433 1667
14118024 17433 639
14118026 17433 1096
14118028 17433 726
14118029 17433 284
14118030 17433 2407
14118032 17433 2413
14118033 17433 2907
14118034 17433 555
14118035 17433 667
14118048 17434 536
14118049 17434 2477
14118051 17434 2325
14118052 17434 759
14118053 17434 841
14118055 17434 512
14118056 17434 1788
14118057 17434 221
14118059 17434 3840
14118060 17434 3747
14118061 17434 2778
14118062 17434 235
14118063 17434 3619
14118064 17434 2310
14119005 17436 1755
14119006 17436 435
14119007 17436 913
14119008 17436 1805
14119009 17436 1825
14119010 17436 1244
14119011 17436 456
14119014 17436 613
14119017 17436 1443
14119018 17436 1290
14119019 17436 2362
14119020 17436 1233
14119022 17436 2310
14119023 17436 345
14120113 17443 1976
14120114 17443 1960
14120115 17443 2417
14120116 17443 1752
14120117 17443 311
14120118 17443 2360
14120120 17443 2189
14120121 17443 2320
14121001 17443 1850
14121002 17443 384
14121003 17443 309
14121004 17443 1470
14121009 17443 1676
14121010 17443 1588
14121013 17443 1801
14121014 17443 1114
14121016 17443 294
14121017 17443 1620
14121018 17443 1826
14121019 17443 1132
14121020 17443 1804
14121021 17443 1617
14121022 17443 1806
14121023 17443 2503
14122006 17447 271
14122008 17447 972
14122009 17447 335
14122010 17447 217
14122011 17447 1816
14122012 17447 412
14122013 17447 1826
14122014 17447 1816
14122015 17447 591
14122016 17447 283
14122017 17447 1813
14122018 17447 1900
14122019 17447 1924
14122020 17447 2593
14122021 17447 2189
14122022 17447 292
14122023 17447 723
14122024 17447 2446
14122025 17447 2518
14122045 17451 274
14122048 17451 1552
14122049 17451 721
14122055 17451 570
14122056 17451 670
14122057 17451 2013
14122058 17451 2569
14122059 17451 252
14122060 17451 647
14122061 17451 1127
14122062 17451 2341
14123001 17451 1812
14123002 17451 1635
14123004 17451 371
14123005 17451 1312
14123006 17451 331
14123008 17451 2179
14123009 17451 2150
14123010 17451 1816
14123015 17452 561
14123016 17452 579
14123018 17452 863
14123019 17452 387
14123025 17452 1846
14123026 17452 920
14123027 17452 259
14123075 17454 196
14123076 17454 1161
14123077 17454 953
14123078 17454 1557
14124001 17454 1395
14124003 17454 1756
14124006 17454 639
14124007 17454 389
14124024 17455 778
14124025 17455 2060
14124026 17455 2367
14124027 17455 2494
14124029 17455 1913
14124031 17455 302
14124034 17455 1596
14124035 17455 655
14124036 17455 1116
14124037 17455 402
14124038 17455 3591
14125002 17461 1807
14125004 17461 1820
14125005 17461 1671
14129021 17479 570
14129022 17479 2513
14129023 17479 1880
14129024 17479 1854
14129025 17479 262
14129026 17479 1904
14129027 17479 186
14129028 17479 2301
14129029 17479 934
14130033 17485 825
14130034 17485 1239
14130035 17485 2265
14130037 17485 1444
14130039 17485 1775
14130040 17485 404
14130041 17485 1834
14130043 17485 550
14130067 17486 312
14130069 17486 1634
14130070 17486 1675
14130071 17486 883
14130072 17486 1668
14130073 17486 1319
14130074 17486 353
14130075 17486 722
14130076 17486 1770
14130077 17486 1415
14131001 17486 2415
14131002 17486 384
14131003 17486 1340
14131012 17488 1783
14131013 17488 1813
14131014 17488 1835
14131015 17488 1421
14131016 17488 1912
14131020 17488 1814
14131021 17488 349
14131022 17488 506
14131024 17488 1906
14131025 17488 1934
14131026 17488 1813
14131028 17488 1834
14131029 17488 1233
14132006 17491 1868
14132007 17491 879
14132009 17491 719
14132011 17491 1794
14132012 17491 940
14132015 17491 1765
14132016 17491 530
14132018 17491 1835
14132019 17491 1920
14132020 17491 1878
14132021 17491 2479
14132023 17491 1569
14132024 17491 1842
14132025 17491 397
14132026 17491 894
14132039 17492 320
14132040 17492 634
14132041 17492 854
14132042 17492 738
14132044 17492 967
14132046 17492 3339
14132047 17492 1108
14132058 17494 3402
14132059 17494 1459
14132060 17494 1805
14132061 17494 1365
14132067 17494 1912
14132068 17494 1841
14132075 17494 340
14132076 17494 1424
14132077 17494 1940
14132078 17494 1883
14132079 17494 1813
14132080 17494 785
14132082 17494 1724
14133001 17494 309
14133002 17494 1875
14133004 17494 1789
14134062 17502 1856
14134063 17502 1748
14134065 17502 1815
14135001 17502 1816
14135002 17502 1822
14135003 17502 1720
14135004 17502 436
14135006 17502 506
14135007 17502 888
14135015 17503 887
14135016 17503 1333
14135017 17503 1814
14135019 17503 1822
14135021 17503 1702
14135022 17503 600
14135023 17503 338
14136002 17512 1807
14136004 17512 1807
14136005 17512 1839
14136006 17512 1792
14136007 17512 865
14136008 17512 263
14136009 17512 805
14136010 17512 1811
14136011 17512 1764
14136012 17512 1506
14136014 17512 1174
14136030 17513 1574
14136031 17513 1802
14136032 17513 1796
14136035 17513 1800
14136036 17513 1827
14136037 17513 1123
14136047 17514 605
14136048 17514 1890
14136049 17514 745
14136053 17514 1877
14136054 17514 428
14136055 17514 2104
14136056 17514 1806
14136057 17514 1828
14136059 17514 1807
14136060 17514 1947
14136061 17514 1814
14137001 17514 474
14137002 17514 1671
14137003 17514 1769
14137004 17514 1792
14137005 17514 1147
14137009 17515 1747
14137010 17515 1838
14137011 17515 1783
14137012 17515 1739
14137013 17515 1761
14137014 17515 494
14137016 17515 201
14137017 17515 588
14137018 17515 249
14137019 17515 1903
14137020 17515 1783
14137021 17515 2148
14137049 17517 1336
14137055 17517 1814
14137059 17517 191
14137060 17517 370
14137061 17517 292
14137064 17517 1431
14137065 17517 499
14137068 17517 461
14137070 17517 366
14137073 17517 208
14137076 17517 191
14137078 17517 357
14137080 17517 251
14137090 17517 306
14138002 17518 1819
14138003 17518 1802
14138004 17518 1829
14138005 17518 1816
14138006 17518 1783
14138007 17518 1657
14138008 17518 331
14138011 17518 2101
14138012 17518 1094
14138018 17519 1258
14138019 17519 1480
14138020 17519 1987
14138021 17519 1755
14138022 17519 1874
14138023 17519 1240
14138024 17519 764
14138025 17519 254
14138026 17519 2007
14138027 17519 1837
14138028 17519 1810
14138029 17519 1741
14138030 17519 2258
14138031 17519 281
14138032 17519 2060
14138033 17519 1871
14138034 17519 1350
14138041 17520 2061
14138044 17520 2592
14138045 17520 452
14138046 17520 308
14138047 17520 1691
14138048 17520 1846
14138050 17520 1605
14138051 17520 2415
14138052 17520 658
14138060 17520 876
14138061 17520 2128
14138062 17520 219
14138063 17520 774
14138065 17520 875
14138066 17520 1407
14139001 17520 577
14139015 17521 1759
14139016 17521 1831
14139017 17521 1811
14139018 17521 407
14139019 17521 328
14139020 17521 1262
14139021 17521 1723
14139022 17521 1790
14139023 17521 1518
14139043 17524 1859
14139044 17524 1973
14139046 17524 1803
14139047 17524 898
14139049 17524 1955
14139050 17524 1354
14139051 17524 240
14139052 17524 987
14139058 17526 1808
14139059 17526 1958
14139060 17526 1840
14139062 17526 1911
14139065 17526 1137
14139068 17526 2229
14139069 17526 1867
14139071 17526 1805
14140002 17526 1142
14140003 17526 566
14140004 17526 379
14140005 17526 1753
14140006 17526 1512
14140007 17526 1755
14140008 17526 1473
14140014 17527 1751
14140015 17527 1755
14140016 17527 1867
14140017 17527 677
14140020 17527 1778
14140021 17527 406
14140022 17527 1796
14140024 17527 1859
14140025 17527 1922
14140026 17527 1826
14140028 17527 1164
14140029 17527 318
14140030 17527 1086
14140043 17529 1788
14140044 17529 1880
14140045 17529 1885
14140046 17529 1940
14140047 17529 1973
14140048 17529 475
14140049 17529 285
14140050 17529 1444
14140051 17529 568
14140052 17529 208
14140053 17529 399
14140054 17529 2039
14140055 17529 1760
14140056 17529 1931
14140057 17529 2380
14140058 17529 481
14140059 17529 226
14140060 17529 1922
14140061 17529 1825
14140062 17529 1632
14141007 17530 489
14141014 17530 1631
14141015 17530 1810
14141016 17530 1696
14141017 17530 226
14141018 17530 1840
14141019 17530 1653
14141020 17530 1771
14141021 17530 1809
14141022 17530 1837
14141023 17530 1001
14141024 17530 321
14141025 17530 219
14141045 17533 1799
14141046 17533 1715
14141049 17533 1116
14141050 17533 2061
14141051 17533 227
14141052 17533 1851
14141053 17533 212
14141056 17533 1576
14141057 17533 2012
14141068 17534 950
14141069 17534 1050
14141070 17534 1686
14141071 17534 1786
14141072 17534 1816
14142002 17534 1867
14142003 17534 1968
14142004 17534 325
14142005 17534 299
14142007 17534 1879
14142009 17534 1783
14142011 17534 1814
14142012 17534 2525
14142013 17534 234
14142014 17534 1869
14142015 17534 1845
14142016 17534 1704
14142017 17534 1466
14142106 17536 236
14142118 17536 196
14142121 17536 656
14143081 17543 350
14143091 17543 230
14143092 17543 604
14143093 17543 690
14143111 17544 825
14143112 17544 1786
14143113 17544 1786
14143114 17544 834
14143115 17544 1814
14143116 17544 777
14143117 17544 1372
14143118 17544 1723
14143119 17544 1821
14143120 17544 1728
14143121 17544 1740
14144004 17544 524
14144005 17544 1478
14144006 17544 1759
14144007 17544 1838
14144008 17544 1157
14144021 17545 1874
14144022 17545 1726
14144023 17545 503
14144024 17545 1765
14144025 17545 1773
14144026 17545 1741
14144027 17545 1105
14144028 17545 302
14144030 17545 2013
14144032 17545 649
14144035 17545 1721
14144036 17545 1719
14144057 17545 675
14144117 17548 1788
14145009 17550 1806
14145010 17550 1744
14145011 17550 767
14145012 17550 745
14145021 17550 661
14145022 17550 263
14145023 17550 1606
14145024 17550 716
14145025 17550 429
14145028 17550 550
14145029 17550 1800
14145030 17550 691
14145031 17550 1441
14145032 17550 442
14145033 17550 1766
14145034 17550 944
14145036 17550 1888
14145038 17550 1181
14145039 17550 698
14145040 17550 1284
14145064 17553 959
14145066 17553 2021
14145067 17553 735
14145068 17553 960
14145069 17553 548
14145070 17553 852
14145072 17553 1253
14145073 17553 1305
14145074 17553 355
14145075 17553 1421
14145076 17553 1295
14145077 17553 1351
14145080 17553 1899
14145081 17553 887
14145082 17553 374
14145083 17553 451
14145084 17553 1119
14145085 17553 535
14145090 17553 385
14146006 17554 1824
14146007 17554 1849
14146008 17554 1951
14146010 17554 1856
14146011 17554 1891
14146012 17554 1168
14146013 17554 310
14146014 17554 1827
14146015 17554 1850
14146016 17554 2284
14146017 17554 1831
14146018 17554 768
14146019 17554 225
14146020 17554 248
14146021 17554 262
14146022 17554 738
14146023 17554 426
14146024 17554 1753
14146025 17554 2008
14146026 17554 1782
14146027 17554 530
14146028 17554 2135
14146050 17555 552
14146052 17555 1757
14146053 17555 1836
14146054 17555 1834
14146055 17555 1537
14146056 17555 1395
14146057 17555 1426
14146058 17555 811
14146059 17555 1867
14146060 17555 1092
14146065 17555 986
14146066 17555 346
14146067 17555 1822
14146068 17555 224
14146069 17555 202
14146070 17555 463
14146071 17555 299
14146072 17555 1756
14146073 17555 1672
14146074 17555 1816
14146084 17556 1839
14146085 17556 413
14147001 17556 1136
14147002 17556 1839
14147003 17556 1847
14147004 17556 1974
14147005 17556 821
14147006 17556 792
14147007 17556 1654
14147008 17556 1824
14147009 17556 1926
14147010 17556 1273
14147011 17556 1844
14147012 17556 338
14147013 17556 481
14147014 17556 1882
14147015 17556 205
14147016 17556 1855
14147017 17556 1381
14147049 17558 508
14147051 17558 430
14147053 17558 1830
14147054 17558 1758
14147055 17558 1736
14147056 17558 1767
14147057 17558 1700
14147061 17558 763
14147062 17558 774
14147063 17558 1880
14147065 17558 386
14147066 17558 1554
14147067 17558 1374
14147068 17558 1886
14147074 17558 1827
14147076 17558 394
14147077 17558 455
14148011 17560 1795
14148012 17560 1899
14148017 17560 1872
14148018 17560 1808
14148020 17560 1534
14148021 17560 429
14148022 17560 830
14148023 17560 1772
14148024 17560 1810
14148025 17560 1522
14148030 17560 1439
14148033 17560 1864
14148034 17560 717
14148057 17561 2153
14148058 17561 363
14148059 17561 787
14148060 17561 243
14148061 17561 331
14148065 17561 711
14148066 17561 1793
14148067 17561 1270
14148068 17561 620
14148069 17561 2100
14148070 17561 2215
14148072 17561 513
14148073 17561 1158
14148074 17561 1834
14148075 17561 595
14148076 17561 543
14148077 17561 1835
14148078 17561 1611
14148079 17561 644
14148080 17561 1776
14148081 17561 1791
14148082 17561 468
14149014 17562 760
14149016 17562 325
14149017 17562 2038
14149019 17562 387
14149020 17562 1833
14149021 17562 1823
14149022 17562 1965
14149023 17562 1315
14149024 17562 1860
14149025 17562 1241
14149027 17562 207
14149028 17562 1300
14149033 17562 1337
14149034 17562 517
14149131 17566 801
14150002 17568 2004
14150003 17568 1621
14150004 17568 1849
14150005 17568 1885
14150008 17568 694
14150010 17568 1007
14150011 17568 1790
14150013 17568 1821
14150014 17568 1770
14150015 17568 1768
14150130 17570 2341
14150131 17570 510
14150132 17570 2446
14150133 17570 1943
14150134 17570 1102
14150135 17570 1370
14150136 17570 554
14150137 17570 1795
14150138 17570 1880
14150139 17570 1770
14151009 17570 1919
14151011 17570 510
14151012 17570 1905
14151013 17570 1829
14151014 17570 1776
14151019 17571 1866
14151022 17571 777
14151023 17571 1890
14151024 17571 1881
14151026 17571 917
14151027 17571 1089
14151030 17571 1835
14151031 17571 1845
14151032 17571 1821
14151033 17571 1886
14151034 17571 1722
14151035 17571 1871
14151037 17571 1780
14151038 17571 1330
14151039 17571 2020
14151042 17571 829
14151084 17572 256
14151085 17572 1966
14151089 17572 1391
14151090 17572 1791
14151095 17572 2216
14151097 17572 382
14151098 17572 333
14151101 17572 1778
14151103 17572 1784
14151104 17572 611
14151105 17572 1801
14151106 17572 198
14151107 17572 205
14151109 17572 2071
14152001 17572 2063
14152006 17573 1776
14152007 17573 1770
14152008 17573 1785
14152009 17573 2106
14152011 17573 1772
14152012 17573 893
14152013 17573 198
14152014 17573 1442
14152015 17573 1437
14152017 17573 1823
14152018 17573 1622
14152019 17573 369
14152020 17573 1798
14152021 17573 1805
14152022 17573 1683
14152023 17573 482
14152045 17576 838
14152046 17576 1077
14152047 17576 1741
14152048 17576 1782
14152049 17576 1533
14152050 17576 1898
14152051 17576 913
14152052 17576 386
14152054 17576 1094
14152057 17576 1774
14152058 17576 1813
14152059 17576 1913
14152060 17576 377
14152065 17576 1636
14152067 17576 368
14152068 17576 1567
14153003 17579 1895
14153007 17579 1615
14153008 17579 1758
14153009 17579 1924
14153010 17579 2207
14153011 17579 752
14153012 17579 399
14153013 17579 1726
14153014 17579 1063
14153016 17579 1842
14153017 17579 1812
14153018 17579 1810
14153019 17579 415
14153020 17579 347
14153021 17579 1552
14153022 17579 1754
14153023 17579 1862
14153024 17579 1111
14153037 17580 1803
14153038 17580 942
14153039 17580 1806
14153040 17580 1830
14153041 17580 1831
14153044 17580 299
14153045 17580 780
14153048 17580 2001
14153049 17580 1749
14153053 17580 1842
14153054 17580 1707
14153055 17580 1779
14153057 17580 548
14153060 17580 1777
14153061 17580 1762
14153062 17580 1725
14153071 17581 1782
14153072 17581 1288
14153073 17581 1752
14154001 17581 2065
14154002 17581 1832
14154003 17581 1784
14154004 17581 743
14154006 17581 1886
14154007 17581 675
14154008 17581 1955
14154009 17581 1770
14154011 17581 1088
14154013 17581 1883
14154014 17581 1663
14154016 17581 1808
14154017 17581 2081
14154018 17581 518
14154032 17583 438
14154033 17583 395
14154035 17583 1807
14154037 17583 1324
14154038 17583 1806
14154039 17583 713
14154040 17583 298
14154041 17583 1809
14154042 17583 680
14154043 17583 520
14154045 17583 1321
14154046 17583 293
14155004 17586 1773
14155005 17586 1846
14155006 17586 1927
14155007 17586 1932
14155010 17586 1772
14155011 17586 651
14155012 17586 246
14155013 17586 626
14155044 17586 183
14155048 17586 1792
14155049 17586 637
14155050 17586 241
14155051 17586 1224
14155056 17586 1997
14155057 17586 1853
14155058 17586 2029
14155059 17586 1971
14155060 17586 462
14155061 17586 183
14155062 17586 799
14155087 17587 488
14155092 17587 1819
14155093 17587 1651
14155094 17587 1683
14155095 17587 492
14155096 17587 1773
14155097 17587 854
14155098 17587 389
14155099 17587 230
14155100 17587 1852
14156001 17587 584
14156003 17587 2057
14156015 17589 1879
14156016 17589 303
14156094 17593 204
14157002 17593 1818
14157003 17593 1855
14157004 17593 232
14157005 17593 2038
14157006 17593 2074
14157007 17593 1983
14157008 17593 552
14157009 17593 1889
14157010 17593 1835
14157011 17593 1857
14157013 17593 2010
14157014 17593 2102
14157015 17593 780
14157016 17593 2106
14157017 17593 2236
14157018 17593 321
14157019 17593 1691
14157020 17593 1835
14157021 17593 1030
14157022 17593 666
14157023 17593 611
14157024 17593 2017
14158001 17594 949
14158002 17594 967
14158003 17594 768
14158004 17594 352
14158005 17594 1876
14158006 17594 1974
14158015 17596 882
14158016 17596 1912
14158017 17596 1455
14160010 17600 1885
14160011 17600 1793
14160012 17600 954
14160014 17600 1811
14160015 17600 1330
14160016 17600 2308
14160017 17600 376
14160019 17600 1305
14160020 17600 1806
14160021 17600 2486
14160023 17600 1002
14161002 17601 2107
14161003 17601 1860
14161004 17601 1909
14161005 17601 861
14161006 17601 1832
14161007 17601 1790
14161008 17601 1882
14161009 17601 1858
14161010 17601 1812
14161011 17601 718
14161012 17601 356
14161013 17601 1804
14161014 17601 1443
14161015 17601 946
14161016 17601 201
14161018 17601 876
14161020 17601 1745
