fill 17328
26 25 23 26 2 23
    3 2 0 3
fill 17331
23 26 26 25 0 23
    0 3 3 2
fill 17333
26 25 23 26 2 23
    3 2 0 3
fill 17338
25 26 26 23 3 23
    2 3 3 0
fill 17340
26 23 25 26 1 23
    3 0 2 3
fill 17341
23 26 26 25 0 23
    0 3 3 2
fill 17344
25 26 26 23 3 23
    2 3 3 0
fill 17345
25 26 26 23 3 23
    2 3 3 0
fill 17346
26 25 23 26 2 23
    3 2 0 3
fill 17347
26 25 23 26 2 23
    3 2 0 3
fill 17352
26 23 25 26 1 23
    3 0 2 3
fill 17359
23 26 26 25 0 23
    0 3 3 2
fill 17367
25 26 26 23 3 23
    2 3 3 0
fill 17368
26 25 23 26 2 23
    3 2 0 3
fill 17379
23 26 26 25 0 23
    0 3 3 2
fill 17380
25 26 26 23 3 23
    2 3 3 0
fill 17382
25 26 26 23 3 23
    2 3 3 0
fill 17384
manually kicked 17384 29 -1 1
manually kicked 17384 30 1 -1
manually kicked 17384 117 0 1
26 24 22 26 2 22
    4 2 0 4
fill 17389
26 23 25 26 1 23
    3 0 2 3
fill 17391
23 26 26 25 0 23
    0 3 3 2
fill 17394
25 26 26 23 3 23
    2 3 3 0
fill 17396
26 25 23 26 2 23
    3 2 0 3
fill 17399
26 23 25 26 1 23
    3 0 2 3
fill 17402
23 26 26 25 0 23
    0 3 3 2
fill 17403
25 26 26 23 3 23
    2 3 3 0
fill 17405
25 26 26 23 3 23
    2 3 3 0
fill 17406
25 26 26 23 3 23
    2 3 3 0
fill 17407
26 25 23 26 2 23
    3 2 0 3
fill 17408
26 24 26 26 1 24
    2 0 2 2
fill 17409
24 26 26 26 0 24
    0 2 2 2
fill 17410
26 26 26 24 3 24
    2 2 2 0
fill 17414
26 26 24 26 2 24
    2 2 0 2
fill 17415
26 24 26 26 1 24
    2 0 2 2
fill 17416
manually kicked 17416 79 -1 -1
23 26 26 26 0 23
    0 3 3 3
fill 17426
26 24 26 26 1 24
    2 0 2 2
fill 17427
24 26 26 26 0 24
    0 2 2 2
fill 17429
26 26 26 24 3 24
    2 2 2 0
fill 17430
26 26 24 26 2 24
    2 2 0 2
fill 17431
26 24 26 26 1 24
    2 0 2 2
fill 17433
24 26 26 26 0 24
    0 2 2 2
fill 17434
26 26 26 24 3 24
    2 2 2 0
fill 17436
26 26 24 26 2 24
    2 2 0 2
fill 17443
26 26 26 24 3 24
    2 2 2 0
fill 17447
26 26 24 26 2 24
    2 2 0 2
fill 17451
26 24 26 26 1 24
    2 0 2 2
fill 17452
24 26 26 26 0 24
    0 2 2 2
fill 17453
26 26 26 24 3 24
    2 2 2 0
fill 17454
26 26 24 26 2 24
    2 2 0 2
fill 17455
26 24 26 26 1 24
    2 0 2 2
fill 17461
24 26 26 26 0 24
    0 2 2 2
fill 17479
26 24 26 26 1 24
    2 0 2 2
fill 17482
24 26 26 26 0 24
    0 2 2 2
fill 17484
24 26 26 26 0 24
    0 2 2 2
fill 17485
26 26 26 24 3 24
    2 2 2 0
fill 17486
26 26 24 26 2 24
    2 2 0 2
fill 17488
26 24 26 26 1 24
    2 0 2 2
fill 17491
manually kicked 17491 105 1 -1
24 26 25 26 0 24
    0 2 1 2
fill 17492
26 26 26 24 3 24
    2 2 2 0
fill 17494
26 26 24 26 2 24
    2 2 0 2
fill 17495
26 24 26 26 1 24
    2 0 2 2
fill 17502
26 26 24 26 2 24
    2 2 0 2
fill 17503
26 24 26 26 1 24
    2 0 2 2
fill 17512
24 26 26 26 0 24
    0 2 2 2
fill 17513
26 26 26 24 3 24
    2 2 2 0
fill 17514
26 26 24 26 2 24
    2 2 0 2
fill 17515
26 24 26 26 1 24
    2 0 2 2
fill 17517
24 26 26 26 0 24
    0 2 2 2
fill 17518
26 26 26 24 3 24
    2 2 2 0
fill 17519
manually kicked 17519 94 1 -1
manually kicked 17519 109 -1 1
26 25 23 26 2 23
    3 2 0 3
fill 17520
26 24 26 26 1 24
    2 0 2 2
fill 17521
24 26 26 26 0 24
    0 2 2 2
fill 17524
26 26 26 24 3 24
    2 2 2 0
fill 17526
26 26 24 26 2 24
    2 2 0 2
fill 17527
26 24 26 26 1 24
    2 0 2 2
fill 17529
manually kicked 17529 97 -1 1
24 25 26 26 0 24
    0 1 2 2
fill 17530
26 26 26 24 3 24
    2 2 2 0
fill 17533
26 26 24 26 2 24
    2 2 0 2
fill 17534
manually kicked 17534 112 0 1
26 24 26 26 1 24
    2 0 2 2
fill 17536
24 26 26 26 0 24
    0 2 2 2
fill 17538
24 26 26 26 0 24
    0 2 2 2
fill 17543
26 26 24 26 2 24
    2 2 0 2
fill 17544
26 26 24 26 2 24
    2 2 0 2
fill 17545
26 24 26 26 1 24
    2 0 2 2
fill 17548
24 26 26 26 0 24
    0 2 2 2
fill 17550
24 26 26 26 0 24
    0 2 2 2
fill 17553
manually kicked 17553 73 -1 1
26 25 26 24 3 24
    2 1 2 0
fill 17554
manually kicked 17554 7 1 -1
manually kicked 17554 14 1 -1
26 26 22 26 2 22
    4 4 0 4
fill 17555
manually kicked 17555 61 1 -1
26 24 25 26 1 24
    2 0 1 2
fill 17556
23 26 26 25 0 23
    0 3 3 2
fill 17558
26 26 26 24 3 24
    2 2 2 0
fill 17560
26 26 24 26 2 24
    2 2 0 2
fill 17561
26 24 26 26 1 24
    2 0 2 2
fill 17562
24 26 26 26 0 24
    0 2 2 2
fill 17566
26 26 26 24 3 24
    2 2 2 0
fill 17568
26 26 26 24 3 24
    2 2 2 0
fill 17570
26 26 24 26 2 24
    2 2 0 2
fill 17571
26 24 26 26 1 24
    2 0 2 2
fill 17572
24 26 26 26 0 24
    0 2 2 2
fill 17573
26 26 26 24 3 24
    2 2 2 0
fill 17576
manually kicked 17576 94 1 -1
26 26 23 26 2 23
    3 3 0 3
fill 17579
26 24 26 26 1 24
    2 0 2 2
fill 17580
24 26 26 26 0 24
    0 2 2 2
fill 17581
26 26 26 24 3 24
    2 2 2 0
fill 17583
26 26 24 26 2 24
    2 2 0 2
fill 17586
26 24 26 26 1 24
    2 0 2 2
fill 17587
24 26 26 26 0 24
    0 2 2 2
fill 17589
26 26 26 24 3 24
    2 2 2 0
fill 17593
26 26 26 24 3 24
    2 2 2 0
fill 17594
26 26 24 26 2 24
    2 2 0 2
fill 17596
26 24 26 26 1 24
    2 0 2 2
fill 17600
26 26 26 24 3 24
    2 2 2 0
fill 17601
26 26 24 26 2 24
    2 2 0 2
