17328 0 3
17328 1 3
17328 2 0
17328 3 0
17328 4 1
17328 5 1
17328 6 2
17328 7 2
17328 8 3
17328 9 3
17328 10 0
17328 11 0
17328 12 1
17328 13 1
17328 14 2
17328 15 2
17328 16 3
17328 17 3
17328 18 0
17328 19 0
17328 31 -1
17328 32 -1
17328 33 -1
17328 34 -1
17328 35 -1
17328 36 -1
17328 37 -1
17328 38 -1
17328 39 -1
17328 40 3
17328 41 3
17328 42 0
17328 43 0
17328 44 1
17328 45 1
17328 46 2
17328 47 2
17328 48 3
17328 49 3
17328 50 0
17328 51 0
17328 52 1
17328 53 1
17328 54 2
17328 55 2
17328 56 3
17328 57 3
17328 58 0
17328 59 0
17328 111 -1
17328 112 -1
17328 113 -1
17328 114 -1
17328 115 -1
17328 116 -1
17328 117 -1
17328 118 -1
17328 119 -1
17331 0 1
17331 1 1
17331 2 2
17331 3 2
17331 4 3
17331 5 3
17331 6 0
17331 7 0
17331 8 1
17331 9 1
17331 10 2
17331 11 2
17331 12 3
17331 13 3
17331 14 0
17331 15 0
17331 16 1
17331 17 1
17331 18 2
17331 19 2
17331 31 -1
17331 32 -1
17331 33 -1
17331 34 -1
17331 35 -1
17331 36 -1
17331 37 -1
17331 38 -1
17331 39 -1
17331 40 1
17331 41 1
17331 42 2
17331 43 2
17331 44 3
17331 45 3
17331 46 0
17331 47 0
17331 48 1
17331 49 1
17331 50 2
17331 51 2
17331 52 3
17331 53 3
17331 54 0
17331 55 0
17331 56 1
17331 57 1
17331 58 2
17331 59 2
17331 111 -1
17331 112 -1
17331 113 -1
17331 114 -1
17331 115 -1
17331 116 -1
17331 117 -1
17331 118 -1
17331 119 -1
17333 0 0
17333 1 0
17333 2 3
17333 3 3
17333 4 1
17333 5 1
17333 6 2
17333 7 2
17333 8 0
17333 9 0
17333 10 3
17333 11 3
17333 12 1
17333 13 1
17333 14 2
17333 15 2
17333 16 0
17333 17 0
17333 18 3
17333 19 3
17333 31 -1
17333 32 -1
17333 33 -1
17333 34 -1
17333 35 -1
17333 36 -1
17333 37 -1
17333 38 -1
17333 39 -1
17333 40 0
17333 41 0
17333 42 3
17333 43 3
17333 44 1
17333 45 1
17333 46 2
17333 47 2
17333 48 0
17333 49 0
17333 50 3
17333 51 3
17333 52 1
17333 53 1
17333 54 2
17333 55 2
17333 56 0
17333 57 0
17333 58 3
17333 59 3
17333 111 -1
17333 112 -1
17333 113 -1
17333 114 -1
17333 115 -1
17333 116 -1
17333 117 -1
17333 118 -1
17333 119 -1
17338 0 1
17338 1 1
17338 2 2
17338 3 2
17338 4 0
17338 5 0
17338 6 3
17338 7 3
17338 8 1
17338 9 1
17338 10 2
17338 11 2
17338 12 0
17338 13 0
17338 14 3
17338 15 3
17338 16 1
17338 17 1
17338 18 2
17338 19 2
17338 31 -1
17338 32 -1
17338 33 -1
17338 34 -1
17338 35 -1
17338 36 -1
17338 37 -1
17338 38 -1
17338 39 -1
17338 40 1
17338 41 1
17338 42 2
17338 43 2
17338 44 0
17338 45 0
17338 46 3
17338 47 3
17338 48 1
17338 49 1
17338 50 2
17338 51 2
17338 52 0
17338 53 0
17338 54 3
17338 55 3
17338 56 1
17338 57 1
17338 58 2
17338 59 2
17338 111 -1
17338 112 -1
17338 113 -1
17338 114 -1
17338 115 -1
17338 116 -1
17338 117 -1
17338 118 -1
17338 119 -1
17340 0 3
17340 1 3
17340 2 0
17340 3 0
17340 4 2
17340 5 2
17340 6 1
17340 7 1
17340 8 3
17340 9 3
17340 10 0
17340 11 0
17340 12 2
17340 13 2
17340 14 1
17340 15 1
17340 16 3
17340 17 3
17340 18 0
17340 19 0
17340 31 -1
17340 32 -1
17340 33 -1
17340 34 -1
17340 35 -1
17340 36 -1
17340 37 -1
17340 38 -1
17340 39 -1
17340 40 3
17340 41 3
17340 42 0
17340 43 0
17340 44 2
17340 45 2
17340 46 1
17340 47 1
17340 48 3
17340 49 3
17340 50 0
17340 51 0
17340 52 2
17340 53 2
17340 54 1
17340 55 1
17340 56 3
17340 57 3
17340 58 0
17340 59 0
17340 111 -1
17340 112 -1
17340 113 -1
17340 114 -1
17340 115 -1
17340 116 -1
17340 117 -1
17340 118 -1
17340 119 -1
17341 0 2
17341 1 2
17341 2 1
17341 3 1
17341 4 3
17341 5 3
17341 6 0
17341 7 0
17341 8 2
17341 9 2
17341 10 1
17341 11 1
17341 12 3
17341 13 3
17341 14 0
17341 15 0
17341 16 2
17341 17 2
17341 18 1
17341 19 1
17341 31 -1
17341 32 -1
17341 33 -1
17341 34 -1
17341 35 -1
17341 36 -1
17341 37 -1
17341 38 -1
17341 39 -1
17341 40 2
17341 41 2
17341 42 1
17341 43 1
17341 44 3
17341 45 3
17341 46 0
17341 47 0
17341 48 2
17341 49 2
17341 50 1
17341 51 1
17341 52 3
17341 53 3
17341 54 0
17341 55 0
17341 56 2
17341 57 2
17341 58 1
17341 59 1
17341 111 -1
17341 112 -1
17341 113 -1
17341 114 -1
17341 115 -1
17341 116 -1
17341 117 -1
17341 118 -1
17341 119 -1
17344 0 2
17344 1 2
17344 2 1
17344 3 1
17344 4 0
17344 5 0
17344 6 3
17344 7 3
17344 8 2
17344 9 2
17344 10 1
17344 11 1
17344 12 0
17344 13 0
17344 14 3
17344 15 3
17344 16 2
17344 17 2
17344 18 1
17344 19 1
17344 31 -1
17344 32 -1
17344 33 -1
17344 34 -1
17344 35 -1
17344 36 -1
17344 37 -1
17344 38 -1
17344 39 -1
17344 40 2
17344 41 2
17344 42 1
17344 43 1
17344 44 0
17344 45 0
17344 46 3
17344 47 3
17344 48 2
17344 49 2
17344 50 1
17344 51 1
17344 52 0
17344 53 0
17344 54 3
17344 55 3
17344 56 2
17344 57 2
17344 58 1
17344 59 1
17344 111 -1
17344 112 -1
17344 113 -1
17344 114 -1
17344 115 -1
17344 116 -1
17344 117 -1
17344 118 -1
17344 119 -1
17345 0 2
17345 1 2
17345 2 1
17345 3 1
17345 4 0
17345 5 0
17345 6 3
17345 7 3
17345 8 2
17345 9 2
17345 10 1
17345 11 1
17345 12 0
17345 13 0
17345 14 3
17345 15 3
17345 16 2
17345 17 2
17345 18 1
17345 19 1
17345 31 -1
17345 32 -1
17345 33 -1
17345 34 -1
17345 35 -1
17345 36 -1
17345 37 -1
17345 38 -1
17345 39 -1
17345 40 2
17345 41 2
17345 42 1
17345 43 1
17345 44 0
17345 45 0
17345 46 3
17345 47 3
17345 48 2
17345 49 2
17345 50 1
17345 51 1
17345 52 0
17345 53 0
17345 54 3
17345 55 3
17345 56 2
17345 57 2
17345 58 1
17345 59 1
17345 111 -1
17345 112 -1
17345 113 -1
17345 114 -1
17345 115 -1
17345 116 -1
17345 117 -1
17345 118 -1
17345 119 -1
17346 0 3
17346 1 3
17346 2 0
17346 3 0
17346 4 1
17346 5 1
17346 6 2
17346 7 2
17346 8 3
17346 9 3
17346 10 0
17346 11 0
17346 12 1
17346 13 1
17346 14 2
17346 15 2
17346 16 3
17346 17 3
17346 18 0
17346 19 0
17346 31 -1
17346 32 -1
17346 33 -1
17346 34 -1
17346 35 -1
17346 36 -1
17346 37 -1
17346 38 -1
17346 39 -1
17346 40 3
17346 41 3
17346 42 0
17346 43 0
17346 44 1
17346 45 1
17346 46 2
17346 47 2
17346 48 3
17346 49 3
17346 50 0
17346 51 0
17346 52 1
17346 53 1
17346 54 2
17346 55 2
17346 56 3
17346 57 3
17346 58 0
17346 59 0
17346 111 -1
17346 112 -1
17346 113 -1
17346 114 -1
17346 115 -1
17346 116 -1
17346 117 -1
17346 118 -1
17346 119 -1
17347 0 3
17347 1 3
17347 2 0
17347 3 0
17347 4 1
17347 5 1
17347 6 2
17347 7 2
17347 8 3
17347 9 3
17347 10 0
17347 11 0
17347 12 1
17347 13 1
17347 14 2
17347 15 2
17347 16 3
17347 17 3
17347 18 0
17347 19 0
17347 31 -1
17347 32 -1
17347 33 -1
17347 34 -1
17347 35 -1
17347 36 -1
17347 37 -1
17347 38 -1
17347 39 -1
17347 40 3
17347 41 3
17347 42 0
17347 43 0
17347 44 1
17347 45 1
17347 46 2
17347 47 2
17347 48 3
17347 49 3
17347 50 0
17347 51 0
17347 52 1
17347 53 1
17347 54 2
17347 55 2
17347 56 3
17347 57 3
17347 58 0
17347 59 0
17347 111 -1
17347 112 -1
17347 113 -1
17347 114 -1
17347 115 -1
17347 116 -1
17347 117 -1
17347 118 -1
17347 119 -1
17352 0 0
17352 1 0
17352 2 3
17352 3 3
17352 4 2
17352 5 2
17352 6 1
17352 7 1
17352 8 0
17352 9 0
17352 10 3
17352 11 3
17352 12 2
17352 13 2
17352 14 1
17352 15 1
17352 16 0
17352 17 0
17352 18 3
17352 19 3
17352 31 -1
17352 32 -1
17352 33 -1
17352 34 -1
17352 35 -1
17352 36 -1
17352 37 -1
17352 38 -1
17352 39 -1
17352 40 0
17352 41 0
17352 42 3
17352 43 3
17352 44 2
17352 45 2
17352 46 1
17352 47 1
17352 48 0
17352 49 0
17352 50 3
17352 51 3
17352 52 2
17352 53 2
17352 54 1
17352 55 1
17352 56 0
17352 57 0
17352 58 3
17352 59 3
17352 111 -1
17352 112 -1
17352 113 -1
17352 114 -1
17352 115 -1
17352 116 -1
17352 117 -1
17352 118 -1
17352 119 -1
17359 0 1
17359 1 1
17359 2 2
17359 3 2
17359 4 3
17359 5 3
17359 6 0
17359 7 0
17359 8 1
17359 9 1
17359 10 2
17359 11 2
17359 12 3
17359 13 3
17359 14 0
17359 15 0
17359 16 1
17359 17 1
17359 18 2
17359 19 2
17359 31 -1
17359 32 -1
17359 33 -1
17359 34 -1
17359 35 -1
17359 36 -1
17359 37 -1
17359 38 -1
17359 39 -1
17359 40 1
17359 41 1
17359 42 2
17359 43 2
17359 44 3
17359 45 3
17359 46 0
17359 47 0
17359 48 1
17359 49 1
17359 50 2
17359 51 2
17359 52 3
17359 53 3
17359 54 0
17359 55 0
17359 56 1
17359 57 1
17359 58 2
17359 59 2
17359 111 -1
17359 112 -1
17359 113 -1
17359 114 -1
17359 115 -1
17359 116 -1
17359 117 -1
17359 118 -1
17359 119 -1
17367 0 1
17367 1 1
17367 2 2
17367 3 2
17367 4 0
17367 5 0
17367 6 3
17367 7 3
17367 8 1
17367 9 1
17367 10 2
17367 11 2
17367 12 0
17367 13 0
17367 14 3
17367 15 3
17367 16 1
17367 17 1
17367 18 2
17367 19 2
17367 31 -1
17367 32 -1
17367 33 -1
17367 34 -1
17367 35 -1
17367 36 -1
17367 37 -1
17367 38 -1
17367 39 -1
17367 40 1
17367 41 1
17367 42 2
17367 43 2
17367 44 0
17367 45 0
17367 46 3
17367 47 3
17367 48 1
17367 49 1
17367 50 2
17367 51 2
17367 52 0
17367 53 0
17367 54 3
17367 55 3
17367 56 1
17367 57 1
17367 58 2
17367 59 2
17367 111 -1
17367 112 -1
17367 113 -1
17367 114 -1
17367 115 -1
17367 116 -1
17367 117 -1
17367 118 -1
17367 119 -1
17368 0 0
17368 1 0
17368 2 3
17368 3 3
17368 4 1
17368 5 1
17368 6 2
17368 7 2
17368 8 0
17368 9 0
17368 10 3
17368 11 3
17368 12 1
17368 13 1
17368 14 2
17368 15 2
17368 16 0
17368 17 0
17368 18 3
17368 19 3
17368 31 -1
17368 32 -1
17368 33 -1
17368 34 -1
17368 35 -1
17368 36 -1
17368 37 -1
17368 38 -1
17368 39 -1
17368 40 0
17368 41 0
17368 42 3
17368 43 3
17368 44 1
17368 45 1
17368 46 2
17368 47 2
17368 48 0
17368 49 0
17368 50 3
17368 51 3
17368 52 1
17368 53 1
17368 54 2
17368 55 2
17368 56 0
17368 57 0
17368 58 3
17368 59 3
17368 111 -1
17368 112 -1
17368 113 -1
17368 114 -1
17368 115 -1
17368 116 -1
17368 117 -1
17368 118 -1
17368 119 -1
17379 0 2
17379 1 2
17379 2 1
17379 3 1
17379 4 3
17379 5 3
17379 6 0
17379 7 0
17379 8 2
17379 9 2
17379 10 1
17379 11 1
17379 12 3
17379 13 3
17379 14 0
17379 15 0
17379 16 2
17379 17 2
17379 18 1
17379 19 1
17379 31 -1
17379 32 -1
17379 33 -1
17379 34 -1
17379 35 -1
17379 36 -1
17379 37 -1
17379 38 -1
17379 39 -1
17379 40 2
17379 41 2
17379 42 1
17379 43 1
17379 44 3
17379 45 3
17379 46 0
17379 47 0
17379 48 2
17379 49 2
17379 50 1
17379 51 1
17379 52 3
17379 53 3
17379 54 0
17379 55 0
17379 56 2
17379 57 2
17379 58 1
17379 59 1
17379 111 -1
17379 112 -1
17379 113 -1
17379 114 -1
17379 115 -1
17379 116 -1
17379 117 -1
17379 118 -1
17379 119 -1
17380 0 2
17380 1 2
17380 2 1
17380 3 1
17380 4 0
17380 5 0
17380 6 3
17380 7 3
17380 8 2
17380 9 2
17380 10 1
17380 11 1
17380 12 0
17380 13 0
17380 14 3
17380 15 3
17380 16 2
17380 17 2
17380 18 1
17380 19 1
17380 31 -1
17380 32 -1
17380 33 -1
17380 34 -1
17380 35 -1
17380 36 -1
17380 37 -1
17380 38 -1
17380 39 -1
17380 40 2
17380 41 2
17380 42 1
17380 43 1
17380 44 0
17380 45 0
17380 46 3
17380 47 3
17380 48 2
17380 49 2
17380 50 1
17380 51 1
17380 52 0
17380 53 0
17380 54 3
17380 55 3
17380 56 2
17380 57 2
17380 58 1
17380 59 1
17380 111 -1
17380 112 -1
17380 113 -1
17380 114 -1
17380 115 -1
17380 116 -1
17380 117 -1
17380 118 -1
17380 119 -1
17382 0 2
17382 1 2
17382 2 1
17382 3 1
17382 4 0
17382 5 0
17382 6 3
17382 7 3
17382 8 2
17382 9 2
17382 10 1
17382 11 1
17382 12 0
17382 13 0
17382 14 3
17382 15 3
17382 16 2
17382 17 2
17382 18 1
17382 19 1
17382 31 -1
17382 32 -1
17382 33 -1
17382 34 -1
17382 35 -1
17382 36 -1
17382 37 -1
17382 38 -1
17382 39 -1
17382 40 2
17382 41 2
17382 42 1
17382 43 1
17382 44 0
17382 45 0
17382 46 3
17382 47 3
17382 48 2
17382 49 2
17382 50 1
17382 51 1
17382 52 0
17382 53 0
17382 54 3
17382 55 3
17382 56 2
17382 57 2
17382 58 1
17382 59 1
17382 111 -1
17382 112 -1
17382 113 -1
17382 114 -1
17382 115 -1
17382 116 -1
17382 117 -1
17382 118 -1
17382 119 -1
17384 0 3
17384 1 3
17384 2 0
17384 3 0
17384 4 1
17384 5 1
17384 6 2
17384 7 2
17384 8 3
17384 9 3
17384 10 0
17384 11 0
17384 12 1
17384 13 1
17384 14 2
17384 15 2
17384 16 3
17384 17 3
17384 18 0
17384 19 0
17384 29 1
17384 30 2
17384 31 -1
17384 32 -1
17384 33 -1
17384 34 -1
17384 35 -1
17384 36 -1
17384 37 -1
17384 38 -1
17384 39 -1
17384 40 3
17384 41 3
17384 42 0
17384 43 0
17384 44 1
17384 45 1
17384 46 2
17384 47 2
17384 48 3
17384 49 3
17384 50 0
17384 51 0
17384 52 1
17384 53 1
17384 54 2
17384 55 2
17384 56 3
17384 57 3
17384 58 0
17384 59 0
17384 111 -1
17384 112 -1
17384 113 -1
17384 114 -1
17384 115 -1
17384 116 -1
17384 117 -1
17384 118 -1
17384 119 -1
17389 0 0
17389 1 0
17389 2 3
17389 3 3
17389 4 2
17389 5 2
17389 6 1
17389 7 1
17389 8 0
17389 9 0
17389 10 3
17389 11 3
17389 12 2
17389 13 2
17389 14 1
17389 15 1
17389 16 0
17389 17 0
17389 18 3
17389 19 3
17389 31 -1
17389 32 -1
17389 33 -1
17389 34 -1
17389 35 -1
17389 36 -1
17389 37 -1
17389 38 -1
17389 39 -1
17389 40 0
17389 41 0
17389 42 3
17389 43 3
17389 44 2
17389 45 2
17389 46 1
17389 47 1
17389 48 0
17389 49 0
17389 50 3
17389 51 3
17389 52 2
17389 53 2
17389 54 1
17389 55 1
17389 56 0
17389 57 0
17389 58 3
17389 59 3
17389 111 -1
17389 112 -1
17389 113 -1
17389 114 -1
17389 115 -1
17389 116 -1
17389 117 -1
17389 118 -1
17389 119 -1
17391 0 1
17391 1 1
17391 2 2
17391 3 2
17391 4 3
17391 5 3
17391 6 0
17391 7 0
17391 8 1
17391 9 1
17391 10 2
17391 11 2
17391 12 3
17391 13 3
17391 14 0
17391 15 0
17391 16 1
17391 17 1
17391 18 2
17391 19 2
17391 31 -1
17391 32 -1
17391 33 -1
17391 34 -1
17391 35 -1
17391 36 -1
17391 37 -1
17391 38 -1
17391 39 -1
17391 40 1
17391 41 1
17391 42 2
17391 43 2
17391 44 3
17391 45 3
17391 46 0
17391 47 0
17391 48 1
17391 49 1
17391 50 2
17391 51 2
17391 52 3
17391 53 3
17391 54 0
17391 55 0
17391 56 1
17391 57 1
17391 58 2
17391 59 2
17391 111 -1
17391 112 -1
17391 113 -1
17391 114 -1
17391 115 -1
17391 116 -1
17391 117 -1
17391 118 -1
17391 119 -1
17394 0 1
17394 1 1
17394 2 2
17394 3 2
17394 4 0
17394 5 0
17394 6 3
17394 7 3
17394 8 1
17394 9 1
17394 10 2
17394 11 2
17394 12 0
17394 13 0
17394 14 3
17394 15 3
17394 16 1
17394 17 1
17394 18 2
17394 19 2
17394 31 -1
17394 32 -1
17394 33 -1
17394 34 -1
17394 35 -1
17394 36 -1
17394 37 -1
17394 38 -1
17394 39 -1
17394 40 1
17394 41 1
17394 42 2
17394 43 2
17394 44 0
17394 45 0
17394 46 3
17394 47 3
17394 48 1
17394 49 1
17394 50 2
17394 51 2
17394 52 0
17394 53 0
17394 54 3
17394 55 3
17394 56 1
17394 57 1
17394 58 2
17394 59 2
17394 111 -1
17394 112 -1
17394 113 -1
17394 114 -1
17394 115 -1
17394 116 -1
17394 117 -1
17394 118 -1
17394 119 -1
17396 0 0
17396 1 0
17396 2 3
17396 3 3
17396 4 1
17396 5 1
17396 6 2
17396 7 2
17396 8 0
17396 9 0
17396 10 3
17396 11 3
17396 12 1
17396 13 1
17396 14 2
17396 15 2
17396 16 0
17396 17 0
17396 18 3
17396 19 3
17396 31 -1
17396 32 -1
17396 33 -1
17396 34 -1
17396 35 -1
17396 36 -1
17396 37 -1
17396 38 -1
17396 39 -1
17396 40 0
17396 41 0
17396 42 3
17396 43 3
17396 44 1
17396 45 1
17396 46 2
17396 47 2
17396 48 0
17396 49 0
17396 50 3
17396 51 3
17396 52 1
17396 53 1
17396 54 2
17396 55 2
17396 56 0
17396 57 0
17396 58 3
17396 59 3
17396 111 -1
17396 112 -1
17396 113 -1
17396 114 -1
17396 115 -1
17396 116 -1
17396 117 -1
17396 118 -1
17396 119 -1
17399 0 3
17399 1 3
17399 2 0
17399 3 0
17399 4 2
17399 5 2
17399 6 1
17399 7 1
17399 8 3
17399 9 3
17399 10 0
17399 11 0
17399 12 2
17399 13 2
17399 14 1
17399 15 1
17399 16 3
17399 17 3
17399 18 0
17399 19 0
17399 31 -1
17399 32 -1
17399 33 -1
17399 34 -1
17399 35 -1
17399 36 -1
17399 37 -1
17399 38 -1
17399 39 -1
17399 40 3
17399 41 3
17399 42 0
17399 43 0
17399 44 2
17399 45 2
17399 46 1
17399 47 1
17399 48 3
17399 49 3
17399 50 0
17399 51 0
17399 52 2
17399 53 2
17399 54 1
17399 55 1
17399 56 3
17399 57 3
17399 58 0
17399 59 0
17399 111 -1
17399 112 -1
17399 113 -1
17399 114 -1
17399 115 -1
17399 116 -1
17399 117 -1
17399 118 -1
17399 119 -1
17402 0 2
17402 1 2
17402 2 1
17402 3 1
17402 4 3
17402 5 3
17402 6 0
17402 7 0
17402 8 2
17402 9 2
17402 10 1
17402 11 1
17402 12 3
17402 13 3
17402 14 0
17402 15 0
17402 16 2
17402 17 2
17402 18 1
17402 19 1
17402 31 -1
17402 32 -1
17402 33 -1
17402 34 -1
17402 35 -1
17402 36 -1
17402 37 -1
17402 38 -1
17402 39 -1
17402 40 2
17402 41 2
17402 42 1
17402 43 1
17402 44 3
17402 45 3
17402 46 0
17402 47 0
17402 48 2
17402 49 2
17402 50 1
17402 51 1
17402 52 3
17402 53 3
17402 54 0
17402 55 0
17402 56 2
17402 57 2
17402 58 1
17402 59 1
17402 111 -1
17402 112 -1
17402 113 -1
17402 114 -1
17402 115 -1
17402 116 -1
17402 117 -1
17402 118 -1
17402 119 -1
17403 0 2
17403 1 2
17403 2 1
17403 3 1
17403 4 0
17403 5 0
17403 6 3
17403 7 3
17403 8 2
17403 9 2
17403 10 1
17403 11 1
17403 12 0
17403 13 0
17403 14 3
17403 15 3
17403 16 2
17403 17 2
17403 18 1
17403 19 1
17403 31 -1
17403 32 -1
17403 33 -1
17403 34 -1
17403 35 -1
17403 36 -1
17403 37 -1
17403 38 -1
17403 39 -1
17403 40 2
17403 41 2
17403 42 1
17403 43 1
17403 44 0
17403 45 0
17403 46 3
17403 47 3
17403 48 2
17403 49 2
17403 50 1
17403 51 1
17403 52 0
17403 53 0
17403 54 3
17403 55 3
17403 56 2
17403 57 2
17403 58 1
17403 59 1
17403 111 -1
17403 112 -1
17403 113 -1
17403 114 -1
17403 115 -1
17403 116 -1
17403 117 -1
17403 118 -1
17403 119 -1
17405 0 2
17405 1 2
17405 2 1
17405 3 1
17405 4 0
17405 5 0
17405 6 3
17405 7 3
17405 8 2
17405 9 2
17405 10 1
17405 11 1
17405 12 0
17405 13 0
17405 14 3
17405 15 3
17405 16 2
17405 17 2
17405 18 1
17405 19 1
17405 31 -1
17405 32 -1
17405 33 -1
17405 34 -1
17405 35 -1
17405 36 -1
17405 37 -1
17405 38 -1
17405 39 -1
17405 40 2
17405 41 2
17405 42 1
17405 43 1
17405 44 0
17405 45 0
17405 46 3
17405 47 3
17405 48 2
17405 49 2
17405 50 1
17405 51 1
17405 52 0
17405 53 0
17405 54 3
17405 55 3
17405 56 2
17405 57 2
17405 58 1
17405 59 1
17405 111 -1
17405 112 -1
17405 113 -1
17405 114 -1
17405 115 -1
17405 116 -1
17405 117 -1
17405 118 -1
17405 119 -1
17406 0 2
17406 1 2
17406 2 1
17406 3 1
17406 4 0
17406 5 0
17406 6 3
17406 7 3
17406 8 2
17406 9 2
17406 10 1
17406 11 1
17406 12 0
17406 13 0
17406 14 3
17406 15 3
17406 16 2
17406 17 2
17406 18 1
17406 19 1
17406 31 -1
17406 32 -1
17406 33 -1
17406 34 -1
17406 35 -1
17406 36 -1
17406 37 -1
17406 38 -1
17406 39 -1
17406 40 2
17406 41 2
17406 42 1
17406 43 1
17406 44 0
17406 45 0
17406 46 3
17406 47 3
17406 48 2
17406 49 2
17406 50 1
17406 51 1
17406 52 0
17406 53 0
17406 54 3
17406 55 3
17406 56 2
17406 57 2
17406 58 1
17406 59 1
17406 111 -1
17406 112 -1
17406 113 -1
17406 114 -1
17406 115 -1
17406 116 -1
17406 117 -1
17406 118 -1
17406 119 -1
17407 0 3
17407 1 3
17407 2 0
17407 3 0
17407 4 1
17407 5 1
17407 6 2
17407 7 2
17407 8 3
17407 9 3
17407 10 0
17407 11 0
17407 12 1
17407 13 1
17407 14 2
17407 15 2
17407 16 3
17407 17 3
17407 18 0
17407 19 0
17407 31 -1
17407 32 -1
17407 33 -1
17407 34 -1
17407 35 -1
17407 36 -1
17407 37 -1
17407 38 -1
17407 39 -1
17407 40 3
17407 41 3
17407 42 0
17407 43 0
17407 44 1
17407 45 1
17407 46 2
17407 47 2
17407 48 3
17407 49 3
17407 50 0
17407 51 0
17407 52 1
17407 53 1
17407 54 2
17407 55 2
17407 56 3
17407 57 3
17407 58 0
17407 59 0
17407 111 -1
17407 112 -1
17407 113 -1
17407 114 -1
17407 115 -1
17407 116 -1
17407 117 -1
17407 118 -1
17407 119 -1
17408 0 0
17408 1 0
17408 2 3
17408 3 3
17408 4 2
17408 5 2
17408 6 1
17408 7 1
17408 8 0
17408 9 0
17408 10 3
17408 11 3
17408 12 2
17408 13 2
17408 14 1
17408 15 1
17408 16 0
17408 17 0
17408 18 3
17408 19 3
17408 31 -1
17408 32 -1
17408 33 -1
17408 34 -1
17408 35 -1
17408 36 -1
17408 37 -1
17408 38 -1
17408 39 -1
17408 40 0
17408 41 0
17408 42 3
17408 43 3
17408 44 2
17408 45 2
17408 46 1
17408 47 1
17408 48 0
17408 49 0
17408 50 3
17408 51 3
17408 52 2
17408 53 2
17408 54 1
17408 55 1
17408 56 0
17408 57 0
17408 58 3
17408 59 3
17408 111 -1
17408 112 -1
17408 113 -1
17408 114 -1
17408 115 -1
17408 116 -1
17408 117 -1
17408 118 -1
17408 119 -1
17409 0 1
17409 1 1
17409 2 2
17409 3 2
17409 4 3
17409 5 3
17409 6 0
17409 7 0
17409 8 1
17409 9 1
17409 10 2
17409 11 2
17409 12 3
17409 13 3
17409 14 0
17409 15 0
17409 16 1
17409 17 1
17409 18 2
17409 19 2
17409 31 -1
17409 32 -1
17409 33 -1
17409 34 -1
17409 35 -1
17409 36 -1
17409 37 -1
17409 38 -1
17409 39 -1
17409 40 1
17409 41 1
17409 42 2
17409 43 2
17409 44 3
17409 45 3
17409 46 0
17409 47 0
17409 48 1
17409 49 1
17409 50 2
17409 51 2
17409 52 3
17409 53 3
17409 54 0
17409 55 0
17409 56 1
17409 57 1
17409 58 2
17409 59 2
17409 111 -1
17409 112 -1
17409 113 -1
17409 114 -1
17409 115 -1
17409 116 -1
17409 117 -1
17409 118 -1
17409 119 -1
17410 0 1
17410 1 1
17410 2 2
17410 3 2
17410 4 0
17410 5 0
17410 6 3
17410 7 3
17410 8 1
17410 9 1
17410 10 2
17410 11 2
17410 12 0
17410 13 0
17410 14 3
17410 15 3
17410 16 1
17410 17 1
17410 18 2
17410 19 2
17410 31 -1
17410 32 -1
17410 33 -1
17410 34 -1
17410 35 -1
17410 36 -1
17410 37 -1
17410 38 -1
17410 39 -1
17410 40 1
17410 41 1
17410 42 2
17410 43 2
17410 44 0
17410 45 0
17410 46 3
17410 47 3
17410 48 1
17410 49 1
17410 50 2
17410 51 2
17410 52 0
17410 53 0
17410 54 3
17410 55 3
17410 56 1
17410 57 1
17410 58 2
17410 59 2
17410 111 -1
17410 112 -1
17410 113 -1
17410 114 -1
17410 115 -1
17410 116 -1
17410 117 -1
17410 118 -1
17410 119 -1
17414 0 0
17414 1 0
17414 2 3
17414 3 3
17414 4 1
17414 5 1
17414 6 2
17414 7 2
17414 8 0
17414 9 0
17414 10 3
17414 11 3
17414 12 1
17414 13 1
17414 14 2
17414 15 2
17414 16 0
17414 17 0
17414 18 3
17414 19 3
17414 31 -1
17414 32 -1
17414 33 -1
17414 34 -1
17414 35 -1
17414 36 -1
17414 37 -1
17414 38 -1
17414 39 -1
17414 40 0
17414 41 0
17414 42 3
17414 43 3
17414 44 1
17414 45 1
17414 46 2
17414 47 2
17414 48 0
17414 49 0
17414 50 3
17414 51 3
17414 52 1
17414 53 1
17414 54 2
17414 55 2
17414 56 0
17414 57 0
17414 58 3
17414 59 3
17414 111 -1
17414 112 -1
17414 113 -1
17414 114 -1
17414 115 -1
17414 116 -1
17414 117 -1
17414 118 -1
17414 119 -1
17415 0 3
17415 1 3
17415 2 0
17415 3 0
17415 4 2
17415 5 2
17415 6 1
17415 7 1
17415 8 3
17415 9 3
17415 10 0
17415 11 0
17415 12 2
17415 13 2
17415 14 1
17415 15 1
17415 16 3
17415 17 3
17415 18 0
17415 19 0
17415 31 -1
17415 32 -1
17415 33 -1
17415 34 -1
17415 35 -1
17415 36 -1
17415 37 -1
17415 38 -1
17415 39 -1
17415 40 3
17415 41 3
17415 42 0
17415 43 0
17415 44 2
17415 45 2
17415 46 1
17415 47 1
17415 48 3
17415 49 3
17415 50 0
17415 51 0
17415 52 2
17415 53 2
17415 54 1
17415 55 1
17415 56 3
17415 57 3
17415 58 0
17415 59 0
17415 111 -1
17415 112 -1
17415 113 -1
17415 114 -1
17415 115 -1
17415 116 -1
17415 117 -1
17415 118 -1
17415 119 -1
17416 0 2
17416 1 2
17416 2 1
17416 3 1
17416 4 3
17416 5 3
17416 6 0
17416 7 0
17416 8 2
17416 9 2
17416 10 1
17416 11 1
17416 12 3
17416 13 3
17416 14 0
17416 15 0
17416 16 2
17416 17 2
17416 18 1
17416 19 1
17416 31 -1
17416 32 -1
17416 33 -1
17416 34 -1
17416 35 -1
17416 36 -1
17416 37 -1
17416 38 -1
17416 39 -1
17416 40 2
17416 41 2
17416 42 1
17416 43 1
17416 44 3
17416 45 3
17416 46 0
17416 47 0
17416 48 2
17416 49 2
17416 50 1
17416 51 1
17416 52 3
17416 53 3
17416 54 0
17416 55 0
17416 56 2
17416 57 2
17416 58 1
17416 59 1
17416 79 0
17416 111 -1
17416 112 -1
17416 113 -1
17416 114 -1
17416 115 -1
17416 116 -1
17416 117 -1
17416 118 -1
17416 119 -1
17426 0 0
17426 1 0
17426 2 3
17426 3 3
17426 4 2
17426 5 2
17426 6 1
17426 7 1
17426 8 0
17426 9 0
17426 10 3
17426 11 3
17426 12 2
17426 13 2
17426 14 1
17426 15 1
17426 16 0
17426 17 0
17426 18 3
17426 19 3
17426 31 -1
17426 32 -1
17426 33 -1
17426 34 -1
17426 35 -1
17426 36 -1
17426 37 -1
17426 38 -1
17426 39 -1
17426 40 0
17426 41 0
17426 42 3
17426 43 3
17426 44 2
17426 45 2
17426 46 1
17426 47 1
17426 48 0
17426 49 0
17426 50 3
17426 51 3
17426 52 2
17426 53 2
17426 54 1
17426 55 1
17426 56 0
17426 57 0
17426 58 3
17426 59 3
17426 111 -1
17426 112 -1
17426 113 -1
17426 114 -1
17426 115 -1
17426 116 -1
17426 117 -1
17426 118 -1
17426 119 -1
17427 0 1
17427 1 1
17427 2 2
17427 3 2
17427 4 3
17427 5 3
17427 6 0
17427 7 0
17427 8 1
17427 9 1
17427 10 2
17427 11 2
17427 12 3
17427 13 3
17427 14 0
17427 15 0
17427 16 1
17427 17 1
17427 18 2
17427 19 2
17427 31 -1
17427 32 -1
17427 33 -1
17427 34 -1
17427 35 -1
17427 36 -1
17427 37 -1
17427 38 -1
17427 39 -1
17427 40 1
17427 41 1
17427 42 2
17427 43 2
17427 44 3
17427 45 3
17427 46 0
17427 47 0
17427 48 1
17427 49 1
17427 50 2
17427 51 2
17427 52 3
17427 53 3
17427 54 0
17427 55 0
17427 56 1
17427 57 1
17427 58 2
17427 59 2
17427 111 -1
17427 112 -1
17427 113 -1
17427 114 -1
17427 115 -1
17427 116 -1
17427 117 -1
17427 118 -1
17427 119 -1
17429 0 1
17429 1 1
17429 2 2
17429 3 2
17429 4 0
17429 5 0
17429 6 3
17429 7 3
17429 8 1
17429 9 1
17429 10 2
17429 11 2
17429 12 0
17429 13 0
17429 14 3
17429 15 3
17429 16 1
17429 17 1
17429 18 2
17429 19 2
17429 31 -1
17429 32 -1
17429 33 -1
17429 34 -1
17429 35 -1
17429 36 -1
17429 37 -1
17429 38 -1
17429 39 -1
17429 40 1
17429 41 1
17429 42 2
17429 43 2
17429 44 0
17429 45 0
17429 46 3
17429 47 3
17429 48 1
17429 49 1
17429 50 2
17429 51 2
17429 52 0
17429 53 0
17429 54 3
17429 55 3
17429 56 1
17429 57 1
17429 58 2
17429 59 2
17429 111 -1
17429 112 -1
17429 113 -1
17429 114 -1
17429 115 -1
17429 116 -1
17429 117 -1
17429 118 -1
17429 119 -1
17430 0 0
17430 1 0
17430 2 3
17430 3 3
17430 4 1
17430 5 1
17430 6 2
17430 7 2
17430 8 0
17430 9 0
17430 10 3
17430 11 3
17430 12 1
17430 13 1
17430 14 2
17430 15 2
17430 16 0
17430 17 0
17430 18 3
17430 19 3
17430 31 -1
17430 32 -1
17430 33 -1
17430 34 -1
17430 35 -1
17430 36 -1
17430 37 -1
17430 38 -1
17430 39 -1
17430 40 0
17430 41 0
17430 42 3
17430 43 3
17430 44 1
17430 45 1
17430 46 2
17430 47 2
17430 48 0
17430 49 0
17430 50 3
17430 51 3
17430 52 1
17430 53 1
17430 54 2
17430 55 2
17430 56 0
17430 57 0
17430 58 3
17430 59 3
17430 111 -1
17430 112 -1
17430 113 -1
17430 114 -1
17430 115 -1
17430 116 -1
17430 117 -1
17430 118 -1
17430 119 -1
17431 0 3
17431 1 3
17431 2 0
17431 3 0
17431 4 2
17431 5 2
17431 6 1
17431 7 1
17431 8 3
17431 9 3
17431 10 0
17431 11 0
17431 12 2
17431 13 2
17431 14 1
17431 15 1
17431 16 3
17431 17 3
17431 18 0
17431 19 0
17431 31 -1
17431 32 -1
17431 33 -1
17431 34 -1
17431 35 -1
17431 36 -1
17431 37 -1
17431 38 -1
17431 39 -1
17431 40 3
17431 41 3
17431 42 0
17431 43 0
17431 44 2
17431 45 2
17431 46 1
17431 47 1
17431 48 3
17431 49 3
17431 50 0
17431 51 0
17431 52 2
17431 53 2
17431 54 1
17431 55 1
17431 56 3
17431 57 3
17431 58 0
17431 59 0
17431 111 -1
17431 112 -1
17431 113 -1
17431 114 -1
17431 115 -1
17431 116 -1
17431 117 -1
17431 118 -1
17431 119 -1
17433 0 2
17433 1 2
17433 2 1
17433 3 1
17433 4 3
17433 5 3
17433 6 0
17433 7 0
17433 8 2
17433 9 2
17433 10 1
17433 11 1
17433 12 3
17433 13 3
17433 14 0
17433 15 0
17433 16 2
17433 17 2
17433 18 1
17433 19 1
17433 31 -1
17433 32 -1
17433 33 -1
17433 34 -1
17433 35 -1
17433 36 -1
17433 37 -1
17433 38 -1
17433 39 -1
17433 40 2
17433 41 2
17433 42 1
17433 43 1
17433 44 3
17433 45 3
17433 46 0
17433 47 0
17433 48 2
17433 49 2
17433 50 1
17433 51 1
17433 52 3
17433 53 3
17433 54 0
17433 55 0
17433 56 2
17433 57 2
17433 58 1
17433 59 1
17433 111 -1
17433 112 -1
17433 113 -1
17433 114 -1
17433 115 -1
17433 116 -1
17433 117 -1
17433 118 -1
17433 119 -1
17434 0 2
17434 1 2
17434 2 1
17434 3 1
17434 4 0
17434 5 0
17434 6 3
17434 7 3
17434 8 2
17434 9 2
17434 10 1
17434 11 1
17434 12 0
17434 13 0
17434 14 3
17434 15 3
17434 16 2
17434 17 2
17434 18 1
17434 19 1
17434 31 -1
17434 32 -1
17434 33 -1
17434 34 -1
17434 35 -1
17434 36 -1
17434 37 -1
17434 38 -1
17434 39 -1
17434 40 2
17434 41 2
17434 42 1
17434 43 1
17434 44 0
17434 45 0
17434 46 3
17434 47 3
17434 48 2
17434 49 2
17434 50 1
17434 51 1
17434 52 0
17434 53 0
17434 54 3
17434 55 3
17434 56 2
17434 57 2
17434 58 1
17434 59 1
17434 111 -1
17434 112 -1
17434 113 -1
17434 114 -1
17434 115 -1
17434 116 -1
17434 117 -1
17434 118 -1
17434 119 -1
17436 0 3
17436 1 3
17436 2 0
17436 3 0
17436 4 1
17436 5 1
17436 6 2
17436 7 2
17436 8 3
17436 9 3
17436 10 0
17436 11 0
17436 12 1
17436 13 1
17436 14 2
17436 15 2
17436 16 3
17436 17 3
17436 18 0
17436 19 0
17436 31 -1
17436 32 -1
17436 33 -1
17436 34 -1
17436 35 -1
17436 36 -1
17436 37 -1
17436 38 -1
17436 39 -1
17436 40 3
17436 41 3
17436 42 0
17436 43 0
17436 44 1
17436 45 1
17436 46 2
17436 47 2
17436 48 3
17436 49 3
17436 50 0
17436 51 0
17436 52 1
17436 53 1
17436 54 2
17436 55 2
17436 56 3
17436 57 3
17436 58 0
17436 59 0
17436 111 -1
17436 112 -1
17436 113 -1
17436 114 -1
17436 115 -1
17436 116 -1
17436 117 -1
17436 118 -1
17436 119 -1
17443 0 1
17443 1 1
17443 2 2
17443 3 2
17443 4 0
17443 5 0
17443 6 3
17443 7 3
17443 8 1
17443 9 1
17443 10 2
17443 11 2
17443 12 0
17443 13 0
17443 14 3
17443 15 3
17443 16 1
17443 17 1
17443 18 2
17443 19 2
17443 31 -1
17443 32 -1
17443 33 -1
17443 34 -1
17443 35 -1
17443 36 -1
17443 37 -1
17443 38 -1
17443 39 -1
17443 40 1
17443 41 1
17443 42 2
17443 43 2
17443 44 0
17443 45 0
17443 46 3
17443 47 3
17443 48 1
17443 49 1
17443 50 2
17443 51 2
17443 52 0
17443 53 0
17443 54 3
17443 55 3
17443 56 1
17443 57 1
17443 58 2
17443 59 2
17443 111 -1
17443 112 -1
17443 113 -1
17443 114 -1
17443 115 -1
17443 116 -1
17443 117 -1
17443 118 -1
17443 119 -1
17447 0 0
17447 1 0
17447 2 3
17447 3 3
17447 4 1
17447 5 1
17447 6 2
17447 7 2
17447 8 0
17447 9 0
17447 10 3
17447 11 3
17447 12 1
17447 13 1
17447 14 2
17447 15 2
17447 16 0
17447 17 0
17447 18 3
17447 19 3
17447 31 -1
17447 32 -1
17447 33 -1
17447 34 -1
17447 35 -1
17447 36 -1
17447 37 -1
17447 38 -1
17447 39 -1
17447 40 0
17447 41 0
17447 42 3
17447 43 3
17447 44 1
17447 45 1
17447 46 2
17447 47 2
17447 48 0
17447 49 0
17447 50 3
17447 51 3
17447 52 1
17447 53 1
17447 54 2
17447 55 2
17447 56 0
17447 57 0
17447 58 3
17447 59 3
17447 111 -1
17447 112 -1
17447 113 -1
17447 114 -1
17447 115 -1
17447 116 -1
17447 117 -1
17447 118 -1
17447 119 -1
17451 0 3
17451 1 3
17451 2 0
17451 3 0
17451 4 2
17451 5 2
17451 6 1
17451 7 1
17451 8 3
17451 9 3
17451 10 0
17451 11 0
17451 12 2
17451 13 2
17451 14 1
17451 15 1
17451 16 3
17451 17 3
17451 18 0
17451 19 0
17451 31 -1
17451 32 -1
17451 33 -1
17451 34 -1
17451 35 -1
17451 36 -1
17451 37 -1
17451 38 -1
17451 39 -1
17451 40 3
17451 41 3
17451 42 0
17451 43 0
17451 44 2
17451 45 2
17451 46 1
17451 47 1
17451 48 3
17451 49 3
17451 50 0
17451 51 0
17451 52 2
17451 53 2
17451 54 1
17451 55 1
17451 56 3
17451 57 3
17451 58 0
17451 59 0
17451 111 -1
17451 112 -1
17451 113 -1
17451 114 -1
17451 115 -1
17451 116 -1
17451 117 -1
17451 118 -1
17451 119 -1
17452 0 2
17452 1 2
17452 2 1
17452 3 1
17452 4 3
17452 5 3
17452 6 0
17452 7 0
17452 8 2
17452 9 2
17452 10 1
17452 11 1
17452 12 3
17452 13 3
17452 14 0
17452 15 0
17452 16 2
17452 17 2
17452 18 1
17452 19 1
17452 31 -1
17452 32 -1
17452 33 -1
17452 34 -1
17452 35 -1
17452 36 -1
17452 37 -1
17452 38 -1
17452 39 -1
17452 40 2
17452 41 2
17452 42 1
17452 43 1
17452 44 3
17452 45 3
17452 46 0
17452 47 0
17452 48 2
17452 49 2
17452 50 1
17452 51 1
17452 52 3
17452 53 3
17452 54 0
17452 55 0
17452 56 2
17452 57 2
17452 58 1
17452 59 1
17452 111 -1
17452 112 -1
17452 113 -1
17452 114 -1
17452 115 -1
17452 116 -1
17452 117 -1
17452 118 -1
17452 119 -1
17453 0 2
17453 1 2
17453 2 1
17453 3 1
17453 4 0
17453 5 0
17453 6 3
17453 7 3
17453 8 2
17453 9 2
17453 10 1
17453 11 1
17453 12 0
17453 13 0
17453 14 3
17453 15 3
17453 16 2
17453 17 2
17453 18 1
17453 19 1
17453 31 -1
17453 32 -1
17453 33 -1
17453 34 -1
17453 35 -1
17453 36 -1
17453 37 -1
17453 38 -1
17453 39 -1
17453 40 2
17453 41 2
17453 42 1
17453 43 1
17453 44 0
17453 45 0
17453 46 3
17453 47 3
17453 48 2
17453 49 2
17453 50 1
17453 51 1
17453 52 0
17453 53 0
17453 54 3
17453 55 3
17453 56 2
17453 57 2
17453 58 1
17453 59 1
17453 111 -1
17453 112 -1
17453 113 -1
17453 114 -1
17453 115 -1
17453 116 -1
17453 117 -1
17453 118 -1
17453 119 -1
17454 0 3
17454 1 3
17454 2 0
17454 3 0
17454 4 1
17454 5 1
17454 6 2
17454 7 2
17454 8 3
17454 9 3
17454 10 0
17454 11 0
17454 12 1
17454 13 1
17454 14 2
17454 15 2
17454 16 3
17454 17 3
17454 18 0
17454 19 0
17454 31 -1
17454 32 -1
17454 33 -1
17454 34 -1
17454 35 -1
17454 36 -1
17454 37 -1
17454 38 -1
17454 39 -1
17454 40 3
17454 41 3
17454 42 0
17454 43 0
17454 44 1
17454 45 1
17454 46 2
17454 47 2
17454 48 3
17454 49 3
17454 50 0
17454 51 0
17454 52 1
17454 53 1
17454 54 2
17454 55 2
17454 56 3
17454 57 3
17454 58 0
17454 59 0
17454 111 -1
17454 112 -1
17454 113 -1
17454 114 -1
17454 115 -1
17454 116 -1
17454 117 -1
17454 118 -1
17454 119 -1
17455 0 0
17455 1 0
17455 2 3
17455 3 3
17455 4 2
17455 5 2
17455 6 1
17455 7 1
17455 8 0
17455 9 0
17455 10 3
17455 11 3
17455 12 2
17455 13 2
17455 14 1
17455 15 1
17455 16 0
17455 17 0
17455 18 3
17455 19 3
17455 31 -1
17455 32 -1
17455 33 -1
17455 34 -1
17455 35 -1
17455 36 -1
17455 37 -1
17455 38 -1
17455 39 -1
17455 40 0
17455 41 0
17455 42 3
17455 43 3
17455 44 2
17455 45 2
17455 46 1
17455 47 1
17455 48 0
17455 49 0
17455 50 3
17455 51 3
17455 52 2
17455 53 2
17455 54 1
17455 55 1
17455 56 0
17455 57 0
17455 58 3
17455 59 3
17455 111 -1
17455 112 -1
17455 113 -1
17455 114 -1
17455 115 -1
17455 116 -1
17455 117 -1
17455 118 -1
17455 119 -1
17461 0 1
17461 1 1
17461 2 2
17461 3 2
17461 4 3
17461 5 3
17461 6 0
17461 7 0
17461 8 1
17461 9 1
17461 10 2
17461 11 2
17461 12 3
17461 13 3
17461 14 0
17461 15 0
17461 16 1
17461 17 1
17461 18 2
17461 19 2
17461 31 -1
17461 32 -1
17461 33 -1
17461 34 -1
17461 35 -1
17461 36 -1
17461 37 -1
17461 38 -1
17461 39 -1
17461 40 1
17461 41 1
17461 42 2
17461 43 2
17461 44 3
17461 45 3
17461 46 0
17461 47 0
17461 48 1
17461 49 1
17461 50 2
17461 51 2
17461 52 3
17461 53 3
17461 54 0
17461 55 0
17461 56 1
17461 57 1
17461 58 2
17461 59 2
17461 111 -1
17461 112 -1
17461 113 -1
17461 114 -1
17461 115 -1
17461 116 -1
17461 117 -1
17461 118 -1
17461 119 -1
17479 0 0
17479 1 0
17479 2 3
17479 3 3
17479 4 2
17479 5 2
17479 6 1
17479 7 1
17479 8 0
17479 9 0
17479 10 3
17479 11 3
17479 12 2
17479 13 2
17479 14 1
17479 15 1
17479 16 0
17479 17 0
17479 18 3
17479 19 3
17479 31 -1
17479 32 -1
17479 33 -1
17479 34 -1
17479 35 -1
17479 36 -1
17479 37 -1
17479 38 -1
17479 39 -1
17479 40 0
17479 41 0
17479 42 3
17479 43 3
17479 44 2
17479 45 2
17479 46 1
17479 47 1
17479 48 0
17479 49 0
17479 50 3
17479 51 3
17479 52 2
17479 53 2
17479 54 1
17479 55 1
17479 56 0
17479 57 0
17479 58 3
17479 59 3
17479 111 -1
17479 112 -1
17479 113 -1
17479 114 -1
17479 115 -1
17479 116 -1
17479 117 -1
17479 118 -1
17479 119 -1
17482 0 1
17482 1 1
17482 2 2
17482 3 2
17482 4 3
17482 5 3
17482 6 0
17482 7 0
17482 8 1
17482 9 1
17482 10 2
17482 11 2
17482 12 3
17482 13 3
17482 14 0
17482 15 0
17482 16 1
17482 17 1
17482 18 2
17482 19 2
17482 31 -1
17482 32 -1
17482 33 -1
17482 34 -1
17482 35 -1
17482 36 -1
17482 37 -1
17482 38 -1
17482 39 -1
17482 40 1
17482 41 1
17482 42 2
17482 43 2
17482 44 3
17482 45 3
17482 46 0
17482 47 0
17482 48 1
17482 49 1
17482 50 2
17482 51 2
17482 52 3
17482 53 3
17482 54 0
17482 55 0
17482 56 1
17482 57 1
17482 58 2
17482 59 2
17482 111 -1
17482 112 -1
17482 113 -1
17482 114 -1
17482 115 -1
17482 116 -1
17482 117 -1
17482 118 -1
17482 119 -1
17484 0 1
17484 1 1
17484 2 2
17484 3 2
17484 4 3
17484 5 3
17484 6 0
17484 7 0
17484 8 1
17484 9 1
17484 10 2
17484 11 2
17484 12 3
17484 13 3
17484 14 0
17484 15 0
17484 16 1
17484 17 1
17484 18 2
17484 19 2
17484 31 -1
17484 32 -1
17484 33 -1
17484 34 -1
17484 35 -1
17484 36 -1
17484 37 -1
17484 38 -1
17484 39 -1
17484 40 1
17484 41 1
17484 42 2
17484 43 2
17484 44 3
17484 45 3
17484 46 0
17484 47 0
17484 48 1
17484 49 1
17484 50 2
17484 51 2
17484 52 3
17484 53 3
17484 54 0
17484 55 0
17484 56 1
17484 57 1
17484 58 2
17484 59 2
17484 111 -1
17484 112 -1
17484 113 -1
17484 114 -1
17484 115 -1
17484 116 -1
17484 117 -1
17484 118 -1
17484 119 -1
17485 0 1
17485 1 1
17485 2 2
17485 3 2
17485 4 0
17485 5 0
17485 6 3
17485 7 3
17485 8 1
17485 9 1
17485 10 2
17485 11 2
17485 12 0
17485 13 0
17485 14 3
17485 15 3
17485 16 1
17485 17 1
17485 18 2
17485 19 2
17485 31 -1
17485 32 -1
17485 33 -1
17485 34 -1
17485 35 -1
17485 36 -1
17485 37 -1
17485 38 -1
17485 39 -1
17485 40 1
17485 41 1
17485 42 2
17485 43 2
17485 44 0
17485 45 0
17485 46 3
17485 47 3
17485 48 1
17485 49 1
17485 50 2
17485 51 2
17485 52 0
17485 53 0
17485 54 3
17485 55 3
17485 56 1
17485 57 1
17485 58 2
17485 59 2
17485 111 -1
17485 112 -1
17485 113 -1
17485 114 -1
17485 115 -1
17485 116 -1
17485 117 -1
17485 118 -1
17485 119 -1
17486 0 0
17486 1 0
17486 2 3
17486 3 3
17486 4 1
17486 5 1
17486 6 2
17486 7 2
17486 8 0
17486 9 0
17486 10 3
17486 11 3
17486 12 1
17486 13 1
17486 14 2
17486 15 2
17486 16 0
17486 17 0
17486 18 3
17486 19 3
17486 31 -1
17486 32 -1
17486 33 -1
17486 34 -1
17486 35 -1
17486 36 -1
17486 37 -1
17486 38 -1
17486 39 -1
17486 40 0
17486 41 0
17486 42 3
17486 43 3
17486 44 1
17486 45 1
17486 46 2
17486 47 2
17486 48 0
17486 49 0
17486 50 3
17486 51 3
17486 52 1
17486 53 1
17486 54 2
17486 55 2
17486 56 0
17486 57 0
17486 58 3
17486 59 3
17486 111 -1
17486 112 -1
17486 113 -1
17486 114 -1
17486 115 -1
17486 116 -1
17486 117 -1
17486 118 -1
17486 119 -1
17488 0 3
17488 1 3
17488 2 0
17488 3 0
17488 4 2
17488 5 2
17488 6 1
17488 7 1
17488 8 3
17488 9 3
17488 10 0
17488 11 0
17488 12 2
17488 13 2
17488 14 1
17488 15 1
17488 16 3
17488 17 3
17488 18 0
17488 19 0
17488 31 -1
17488 32 -1
17488 33 -1
17488 34 -1
17488 35 -1
17488 36 -1
17488 37 -1
17488 38 -1
17488 39 -1
17488 40 3
17488 41 3
17488 42 0
17488 43 0
17488 44 2
17488 45 2
17488 46 1
17488 47 1
17488 48 3
17488 49 3
17488 50 0
17488 51 0
17488 52 2
17488 53 2
17488 54 1
17488 55 1
17488 56 3
17488 57 3
17488 58 0
17488 59 0
17488 111 -1
17488 112 -1
17488 113 -1
17488 114 -1
17488 115 -1
17488 116 -1
17488 117 -1
17488 118 -1
17488 119 -1
17491 0 2
17491 1 2
17491 2 1
17491 3 1
17491 4 3
17491 5 3
17491 6 0
17491 7 0
17491 8 2
17491 9 2
17491 10 1
17491 11 1
17491 12 3
17491 13 3
17491 14 0
17491 15 0
17491 16 2
17491 17 2
17491 18 1
17491 19 1
17491 31 -1
17491 32 -1
17491 33 -1
17491 34 -1
17491 35 -1
17491 36 -1
17491 37 -1
17491 38 -1
17491 39 -1
17491 40 2
17491 41 2
17491 42 1
17491 43 1
17491 44 3
17491 45 3
17491 46 0
17491 47 0
17491 48 2
17491 49 2
17491 50 1
17491 51 1
17491 52 3
17491 53 3
17491 54 0
17491 55 0
17491 56 2
17491 57 2
17491 58 1
17491 59 1
17491 105 2
17491 111 -1
17491 112 -1
17491 113 -1
17491 114 -1
17491 115 -1
17491 116 -1
17491 117 -1
17491 118 -1
17491 119 -1
17492 0 2
17492 1 2
17492 2 1
17492 3 1
17492 4 0
17492 5 0
17492 6 3
17492 7 3
17492 8 2
17492 9 2
17492 10 1
17492 11 1
17492 12 0
17492 13 0
17492 14 3
17492 15 3
17492 16 2
17492 17 2
17492 18 1
17492 19 1
17492 31 -1
17492 32 -1
17492 33 -1
17492 34 -1
17492 35 -1
17492 36 -1
17492 37 -1
17492 38 -1
17492 39 -1
17492 40 2
17492 41 2
17492 42 1
17492 43 1
17492 44 0
17492 45 0
17492 46 3
17492 47 3
17492 48 2
17492 49 2
17492 50 1
17492 51 1
17492 52 0
17492 53 0
17492 54 3
17492 55 3
17492 56 2
17492 57 2
17492 58 1
17492 59 1
17492 111 -1
17492 112 -1
17492 113 -1
17492 114 -1
17492 115 -1
17492 116 -1
17492 117 -1
17492 118 -1
17492 119 -1
17494 0 3
17494 1 3
17494 2 0
17494 3 0
17494 4 1
17494 5 1
17494 6 2
17494 7 2
17494 8 3
17494 9 3
17494 10 0
17494 11 0
17494 12 1
17494 13 1
17494 14 2
17494 15 2
17494 16 3
17494 17 3
17494 18 0
17494 19 0
17494 31 -1
17494 32 -1
17494 33 -1
17494 34 -1
17494 35 -1
17494 36 -1
17494 37 -1
17494 38 -1
17494 39 -1
17494 40 3
17494 41 3
17494 42 0
17494 43 0
17494 44 1
17494 45 1
17494 46 2
17494 47 2
17494 48 3
17494 49 3
17494 50 0
17494 51 0
17494 52 1
17494 53 1
17494 54 2
17494 55 2
17494 56 3
17494 57 3
17494 58 0
17494 59 0
17494 111 -1
17494 112 -1
17494 113 -1
17494 114 -1
17494 115 -1
17494 116 -1
17494 117 -1
17494 118 -1
17494 119 -1
17495 0 0
17495 1 0
17495 2 3
17495 3 3
17495 4 2
17495 5 2
17495 6 1
17495 7 1
17495 8 0
17495 9 0
17495 10 3
17495 11 3
17495 12 2
17495 13 2
17495 14 1
17495 15 1
17495 16 0
17495 17 0
17495 18 3
17495 19 3
17495 31 -1
17495 32 -1
17495 33 -1
17495 34 -1
17495 35 -1
17495 36 -1
17495 37 -1
17495 38 -1
17495 39 -1
17495 40 0
17495 41 0
17495 42 3
17495 43 3
17495 44 2
17495 45 2
17495 46 1
17495 47 1
17495 48 0
17495 49 0
17495 50 3
17495 51 3
17495 52 2
17495 53 2
17495 54 1
17495 55 1
17495 56 0
17495 57 0
17495 58 3
17495 59 3
17495 111 -1
17495 112 -1
17495 113 -1
17495 114 -1
17495 115 -1
17495 116 -1
17495 117 -1
17495 118 -1
17495 119 -1
17502 0 0
17502 1 0
17502 2 3
17502 3 3
17502 4 1
17502 5 1
17502 6 2
17502 7 2
17502 8 0
17502 9 0
17502 10 3
17502 11 3
17502 12 1
17502 13 1
17502 14 2
17502 15 2
17502 16 0
17502 17 0
17502 18 3
17502 19 3
17502 31 -1
17502 32 -1
17502 33 -1
17502 34 -1
17502 35 -1
17502 36 -1
17502 37 -1
17502 38 -1
17502 39 -1
17502 40 0
17502 41 0
17502 42 3
17502 43 3
17502 44 1
17502 45 1
17502 46 2
17502 47 2
17502 48 0
17502 49 0
17502 50 3
17502 51 3
17502 52 1
17502 53 1
17502 54 2
17502 55 2
17502 56 0
17502 57 0
17502 58 3
17502 59 3
17502 111 -1
17502 112 -1
17502 113 -1
17502 114 -1
17502 115 -1
17502 116 -1
17502 117 -1
17502 118 -1
17502 119 -1
17503 0 3
17503 1 3
17503 2 0
17503 3 0
17503 4 2
17503 5 2
17503 6 1
17503 7 1
17503 8 3
17503 9 3
17503 10 0
17503 11 0
17503 12 2
17503 13 2
17503 14 1
17503 15 1
17503 16 3
17503 17 3
17503 18 0
17503 19 0
17503 31 -1
17503 32 -1
17503 33 -1
17503 34 -1
17503 35 -1
17503 36 -1
17503 37 -1
17503 38 -1
17503 39 -1
17503 40 3
17503 41 3
17503 42 0
17503 43 0
17503 44 2
17503 45 2
17503 46 1
17503 47 1
17503 48 3
17503 49 3
17503 50 0
17503 51 0
17503 52 2
17503 53 2
17503 54 1
17503 55 1
17503 56 3
17503 57 3
17503 58 0
17503 59 0
17503 111 -1
17503 112 -1
17503 113 -1
17503 114 -1
17503 115 -1
17503 116 -1
17503 117 -1
17503 118 -1
17503 119 -1
17512 0 2
17512 1 2
17512 2 1
17512 3 1
17512 4 3
17512 5 3
17512 6 0
17512 7 0
17512 8 2
17512 9 2
17512 10 1
17512 11 1
17512 12 3
17512 13 3
17512 14 0
17512 15 0
17512 16 2
17512 17 2
17512 18 1
17512 19 1
17512 31 -1
17512 32 -1
17512 33 -1
17512 34 -1
17512 35 -1
17512 36 -1
17512 37 -1
17512 38 -1
17512 39 -1
17512 40 2
17512 41 2
17512 42 1
17512 43 1
17512 44 3
17512 45 3
17512 46 0
17512 47 0
17512 48 2
17512 49 2
17512 50 1
17512 51 1
17512 52 3
17512 53 3
17512 54 0
17512 55 0
17512 56 2
17512 57 2
17512 58 1
17512 59 1
17512 111 -1
17512 112 -1
17512 113 -1
17512 114 -1
17512 115 -1
17512 116 -1
17512 117 -1
17512 118 -1
17512 119 -1
17513 0 2
17513 1 2
17513 2 1
17513 3 1
17513 4 0
17513 5 0
17513 6 3
17513 7 3
17513 8 2
17513 9 2
17513 10 1
17513 11 1
17513 12 0
17513 13 0
17513 14 3
17513 15 3
17513 16 2
17513 17 2
17513 18 1
17513 19 1
17513 31 -1
17513 32 -1
17513 33 -1
17513 34 -1
17513 35 -1
17513 36 -1
17513 37 -1
17513 38 -1
17513 39 -1
17513 40 2
17513 41 2
17513 42 1
17513 43 1
17513 44 0
17513 45 0
17513 46 3
17513 47 3
17513 48 2
17513 49 2
17513 50 1
17513 51 1
17513 52 0
17513 53 0
17513 54 3
17513 55 3
17513 56 2
17513 57 2
17513 58 1
17513 59 1
17513 111 -1
17513 112 -1
17513 113 -1
17513 114 -1
17513 115 -1
17513 116 -1
17513 117 -1
17513 118 -1
17513 119 -1
17514 0 3
17514 1 3
17514 2 0
17514 3 0
17514 4 1
17514 5 1
17514 6 2
17514 7 2
17514 8 3
17514 9 3
17514 10 0
17514 11 0
17514 12 1
17514 13 1
17514 14 2
17514 15 2
17514 16 3
17514 17 3
17514 18 0
17514 19 0
17514 31 -1
17514 32 -1
17514 33 -1
17514 34 -1
17514 35 -1
17514 36 -1
17514 37 -1
17514 38 -1
17514 39 -1
17514 40 3
17514 41 3
17514 42 0
17514 43 0
17514 44 1
17514 45 1
17514 46 2
17514 47 2
17514 48 3
17514 49 3
17514 50 0
17514 51 0
17514 52 1
17514 53 1
17514 54 2
17514 55 2
17514 56 3
17514 57 3
17514 58 0
17514 59 0
17514 111 -1
17514 112 -1
17514 113 -1
17514 114 -1
17514 115 -1
17514 116 -1
17514 117 -1
17514 118 -1
17514 119 -1
17515 0 0
17515 1 0
17515 2 3
17515 3 3
17515 4 2
17515 5 2
17515 6 1
17515 7 1
17515 8 0
17515 9 0
17515 10 3
17515 11 3
17515 12 2
17515 13 2
17515 14 1
17515 15 1
17515 16 0
17515 17 0
17515 18 3
17515 19 3
17515 31 -1
17515 32 -1
17515 33 -1
17515 34 -1
17515 35 -1
17515 36 -1
17515 37 -1
17515 38 -1
17515 39 -1
17515 40 0
17515 41 0
17515 42 3
17515 43 3
17515 44 2
17515 45 2
17515 46 1
17515 47 1
17515 48 0
17515 49 0
17515 50 3
17515 51 3
17515 52 2
17515 53 2
17515 54 1
17515 55 1
17515 56 0
17515 57 0
17515 58 3
17515 59 3
17515 111 -1
17515 112 -1
17515 113 -1
17515 114 -1
17515 115 -1
17515 116 -1
17515 117 -1
17515 118 -1
17515 119 -1
17517 0 1
17517 1 1
17517 2 2
17517 3 2
17517 4 3
17517 5 3
17517 6 0
17517 7 0
17517 8 1
17517 9 1
17517 10 2
17517 11 2
17517 12 3
17517 13 3
17517 14 0
17517 15 0
17517 16 1
17517 17 1
17517 18 2
17517 19 2
17517 31 -1
17517 32 -1
17517 33 -1
17517 34 -1
17517 35 -1
17517 36 -1
17517 37 -1
17517 38 -1
17517 39 -1
17517 40 1
17517 41 1
17517 42 2
17517 43 2
17517 44 3
17517 45 3
17517 46 0
17517 47 0
17517 48 1
17517 49 1
17517 50 2
17517 51 2
17517 52 3
17517 53 3
17517 54 0
17517 55 0
17517 56 1
17517 57 1
17517 58 2
17517 59 2
17517 111 -1
17517 112 -1
17517 113 -1
17517 114 -1
17517 115 -1
17517 116 -1
17517 117 -1
17517 118 -1
17517 119 -1
17518 0 1
17518 1 1
17518 2 2
17518 3 2
17518 4 0
17518 5 0
17518 6 3
17518 7 3
17518 8 1
17518 9 1
17518 10 2
17518 11 2
17518 12 0
17518 13 0
17518 14 3
17518 15 3
17518 16 1
17518 17 1
17518 18 2
17518 19 2
17518 31 -1
17518 32 -1
17518 33 -1
17518 34 -1
17518 35 -1
17518 36 -1
17518 37 -1
17518 38 -1
17518 39 -1
17518 40 1
17518 41 1
17518 42 2
17518 43 2
17518 44 0
17518 45 0
17518 46 3
17518 47 3
17518 48 1
17518 49 1
17518 50 2
17518 51 2
17518 52 0
17518 53 0
17518 54 3
17518 55 3
17518 56 1
17518 57 1
17518 58 2
17518 59 2
17518 111 -1
17518 112 -1
17518 113 -1
17518 114 -1
17518 115 -1
17518 116 -1
17518 117 -1
17518 118 -1
17518 119 -1
17519 0 0
17519 1 0
17519 2 3
17519 3 3
17519 4 1
17519 5 1
17519 6 2
17519 7 2
17519 8 0
17519 9 0
17519 10 3
17519 11 3
17519 12 1
17519 13 1
17519 14 2
17519 15 2
17519 16 0
17519 17 0
17519 18 3
17519 19 3
17519 31 -1
17519 32 -1
17519 33 -1
17519 34 -1
17519 35 -1
17519 36 -1
17519 37 -1
17519 38 -1
17519 39 -1
17519 40 0
17519 41 0
17519 42 3
17519 43 3
17519 44 1
17519 45 1
17519 46 2
17519 47 2
17519 48 0
17519 49 0
17519 50 3
17519 51 3
17519 52 1
17519 53 1
17519 54 2
17519 55 2
17519 56 0
17519 57 0
17519 58 3
17519 59 3
17519 94 2
17519 109 1
17519 111 -1
17519 112 -1
17519 113 -1
17519 114 -1
17519 115 -1
17519 116 -1
17519 117 -1
17519 118 -1
17519 119 -1
17520 0 3
17520 1 3
17520 2 0
17520 3 0
17520 4 2
17520 5 2
17520 6 1
17520 7 1
17520 8 3
17520 9 3
17520 10 0
17520 11 0
17520 12 2
17520 13 2
17520 14 1
17520 15 1
17520 16 3
17520 17 3
17520 18 0
17520 19 0
17520 31 -1
17520 32 -1
17520 33 -1
17520 34 -1
17520 35 -1
17520 36 -1
17520 37 -1
17520 38 -1
17520 39 -1
17520 40 3
17520 41 3
17520 42 0
17520 43 0
17520 44 2
17520 45 2
17520 46 1
17520 47 1
17520 48 3
17520 49 3
17520 50 0
17520 51 0
17520 52 2
17520 53 2
17520 54 1
17520 55 1
17520 56 3
17520 57 3
17520 58 0
17520 59 0
17520 111 -1
17520 112 -1
17520 113 -1
17520 114 -1
17520 115 -1
17520 116 -1
17520 117 -1
17520 118 -1
17520 119 -1
17521 0 2
17521 1 2
17521 2 1
17521 3 1
17521 4 3
17521 5 3
17521 6 0
17521 7 0
17521 8 2
17521 9 2
17521 10 1
17521 11 1
17521 12 3
17521 13 3
17521 14 0
17521 15 0
17521 16 2
17521 17 2
17521 18 1
17521 19 1
17521 31 -1
17521 32 -1
17521 33 -1
17521 34 -1
17521 35 -1
17521 36 -1
17521 37 -1
17521 38 -1
17521 39 -1
17521 40 2
17521 41 2
17521 42 1
17521 43 1
17521 44 3
17521 45 3
17521 46 0
17521 47 0
17521 48 2
17521 49 2
17521 50 1
17521 51 1
17521 52 3
17521 53 3
17521 54 0
17521 55 0
17521 56 2
17521 57 2
17521 58 1
17521 59 1
17521 111 -1
17521 112 -1
17521 113 -1
17521 114 -1
17521 115 -1
17521 116 -1
17521 117 -1
17521 118 -1
17521 119 -1
17524 0 2
17524 1 2
17524 2 1
17524 3 1
17524 4 0
17524 5 0
17524 6 3
17524 7 3
17524 8 2
17524 9 2
17524 10 1
17524 11 1
17524 12 0
17524 13 0
17524 14 3
17524 15 3
17524 16 2
17524 17 2
17524 18 1
17524 19 1
17524 31 -1
17524 32 -1
17524 33 -1
17524 34 -1
17524 35 -1
17524 36 -1
17524 37 -1
17524 38 -1
17524 39 -1
17524 40 2
17524 41 2
17524 42 1
17524 43 1
17524 44 0
17524 45 0
17524 46 3
17524 47 3
17524 48 2
17524 49 2
17524 50 1
17524 51 1
17524 52 0
17524 53 0
17524 54 3
17524 55 3
17524 56 2
17524 57 2
17524 58 1
17524 59 1
17524 111 -1
17524 112 -1
17524 113 -1
17524 114 -1
17524 115 -1
17524 116 -1
17524 117 -1
17524 118 -1
17524 119 -1
17526 0 3
17526 1 3
17526 2 0
17526 3 0
17526 4 1
17526 5 1
17526 6 2
17526 7 2
17526 8 3
17526 9 3
17526 10 0
17526 11 0
17526 12 1
17526 13 1
17526 14 2
17526 15 2
17526 16 3
17526 17 3
17526 18 0
17526 19 0
17526 31 -1
17526 32 -1
17526 33 -1
17526 34 -1
17526 35 -1
17526 36 -1
17526 37 -1
17526 38 -1
17526 39 -1
17526 40 3
17526 41 3
17526 42 0
17526 43 0
17526 44 1
17526 45 1
17526 46 2
17526 47 2
17526 48 3
17526 49 3
17526 50 0
17526 51 0
17526 52 1
17526 53 1
17526 54 2
17526 55 2
17526 56 3
17526 57 3
17526 58 0
17526 59 0
17526 111 -1
17526 112 -1
17526 113 -1
17526 114 -1
17526 115 -1
17526 116 -1
17526 117 -1
17526 118 -1
17526 119 -1
17527 0 0
17527 1 0
17527 2 3
17527 3 3
17527 4 2
17527 5 2
17527 6 1
17527 7 1
17527 8 0
17527 9 0
17527 10 3
17527 11 3
17527 12 2
17527 13 2
17527 14 1
17527 15 1
17527 16 0
17527 17 0
17527 18 3
17527 19 3
17527 31 -1
17527 32 -1
17527 33 -1
17527 34 -1
17527 35 -1
17527 36 -1
17527 37 -1
17527 38 -1
17527 39 -1
17527 40 0
17527 41 0
17527 42 3
17527 43 3
17527 44 2
17527 45 2
17527 46 1
17527 47 1
17527 48 0
17527 49 0
17527 50 3
17527 51 3
17527 52 2
17527 53 2
17527 54 1
17527 55 1
17527 56 0
17527 57 0
17527 58 3
17527 59 3
17527 111 -1
17527 112 -1
17527 113 -1
17527 114 -1
17527 115 -1
17527 116 -1
17527 117 -1
17527 118 -1
17527 119 -1
17529 0 1
17529 1 1
17529 2 2
17529 3 2
17529 4 3
17529 5 3
17529 6 0
17529 7 0
17529 8 1
17529 9 1
17529 10 2
17529 11 2
17529 12 3
17529 13 3
17529 14 0
17529 15 0
17529 16 1
17529 17 1
17529 18 2
17529 19 2
17529 31 -1
17529 32 -1
17529 33 -1
17529 34 -1
17529 35 -1
17529 36 -1
17529 37 -1
17529 38 -1
17529 39 -1
17529 40 1
17529 41 1
17529 42 2
17529 43 2
17529 44 3
17529 45 3
17529 46 0
17529 47 0
17529 48 1
17529 49 1
17529 50 2
17529 51 2
17529 52 3
17529 53 3
17529 54 0
17529 55 0
17529 56 1
17529 57 1
17529 58 2
17529 59 2
17529 97 1
17529 111 -1
17529 112 -1
17529 113 -1
17529 114 -1
17529 115 -1
17529 116 -1
17529 117 -1
17529 118 -1
17529 119 -1
17530 0 1
17530 1 1
17530 2 2
17530 3 2
17530 4 0
17530 5 0
17530 6 3
17530 7 3
17530 8 1
17530 9 1
17530 10 2
17530 11 2
17530 12 0
17530 13 0
17530 14 3
17530 15 3
17530 16 1
17530 17 1
17530 18 2
17530 19 2
17530 31 -1
17530 32 -1
17530 33 -1
17530 34 -1
17530 35 -1
17530 36 -1
17530 37 -1
17530 38 -1
17530 39 -1
17530 40 1
17530 41 1
17530 42 2
17530 43 2
17530 44 0
17530 45 0
17530 46 3
17530 47 3
17530 48 1
17530 49 1
17530 50 2
17530 51 2
17530 52 0
17530 53 0
17530 54 3
17530 55 3
17530 56 1
17530 57 1
17530 58 2
17530 59 2
17530 111 -1
17530 112 -1
17530 113 -1
17530 114 -1
17530 115 -1
17530 116 -1
17530 117 -1
17530 118 -1
17530 119 -1
17533 0 0
17533 1 0
17533 2 3
17533 3 3
17533 4 1
17533 5 1
17533 6 2
17533 7 2
17533 8 0
17533 9 0
17533 10 3
17533 11 3
17533 12 1
17533 13 1
17533 14 2
17533 15 2
17533 16 0
17533 17 0
17533 18 3
17533 19 3
17533 31 -1
17533 32 -1
17533 33 -1
17533 34 -1
17533 35 -1
17533 36 -1
17533 37 -1
17533 38 -1
17533 39 -1
17533 40 0
17533 41 0
17533 42 3
17533 43 3
17533 44 1
17533 45 1
17533 46 2
17533 47 2
17533 48 0
17533 49 0
17533 50 3
17533 51 3
17533 52 1
17533 53 1
17533 54 2
17533 55 2
17533 56 0
17533 57 0
17533 58 3
17533 59 3
17533 111 -1
17533 112 -1
17533 113 -1
17533 114 -1
17533 115 -1
17533 116 -1
17533 117 -1
17533 118 -1
17533 119 -1
17534 0 3
17534 1 3
17534 2 0
17534 3 0
17534 4 2
17534 5 2
17534 6 1
17534 7 1
17534 8 3
17534 9 3
17534 10 0
17534 11 0
17534 12 2
17534 13 2
17534 14 1
17534 15 1
17534 16 3
17534 17 3
17534 18 0
17534 19 0
17534 31 -1
17534 32 -1
17534 33 -1
17534 34 -1
17534 35 -1
17534 36 -1
17534 37 -1
17534 38 -1
17534 39 -1
17534 40 3
17534 41 3
17534 42 0
17534 43 0
17534 44 2
17534 45 2
17534 46 1
17534 47 1
17534 48 3
17534 49 3
17534 50 0
17534 51 0
17534 52 2
17534 53 2
17534 54 1
17534 55 1
17534 56 3
17534 57 3
17534 58 0
17534 59 0
17534 111 -1
17534 112 -1
17534 113 -1
17534 114 -1
17534 115 -1
17534 116 -1
17534 117 -1
17534 118 -1
17534 119 -1
17536 0 2
17536 1 2
17536 2 1
17536 3 1
17536 4 3
17536 5 3
17536 6 0
17536 7 0
17536 8 2
17536 9 2
17536 10 1
17536 11 1
17536 12 3
17536 13 3
17536 14 0
17536 15 0
17536 16 2
17536 17 2
17536 18 1
17536 19 1
17536 31 -1
17536 32 -1
17536 33 -1
17536 34 -1
17536 35 -1
17536 36 -1
17536 37 -1
17536 38 -1
17536 39 -1
17536 40 2
17536 41 2
17536 42 1
17536 43 1
17536 44 3
17536 45 3
17536 46 0
17536 47 0
17536 48 2
17536 49 2
17536 50 1
17536 51 1
17536 52 3
17536 53 3
17536 54 0
17536 55 0
17536 56 2
17536 57 2
17536 58 1
17536 59 1
17536 111 -1
17536 112 -1
17536 113 -1
17536 114 -1
17536 115 -1
17536 116 -1
17536 117 -1
17536 118 -1
17536 119 -1
17538 0 2
17538 1 2
17538 2 1
17538 3 1
17538 4 3
17538 5 3
17538 6 0
17538 7 0
17538 8 2
17538 9 2
17538 10 1
17538 11 1
17538 12 3
17538 13 3
17538 14 0
17538 15 0
17538 16 2
17538 17 2
17538 18 1
17538 19 1
17538 31 -1
17538 32 -1
17538 33 -1
17538 34 -1
17538 35 -1
17538 36 -1
17538 37 -1
17538 38 -1
17538 39 -1
17538 40 2
17538 41 2
17538 42 1
17538 43 1
17538 44 3
17538 45 3
17538 46 0
17538 47 0
17538 48 2
17538 49 2
17538 50 1
17538 51 1
17538 52 3
17538 53 3
17538 54 0
17538 55 0
17538 56 2
17538 57 2
17538 58 1
17538 59 1
17538 111 -1
17538 112 -1
17538 113 -1
17538 114 -1
17538 115 -1
17538 116 -1
17538 117 -1
17538 118 -1
17538 119 -1
17543 0 3
17543 1 3
17543 2 0
17543 3 0
17543 4 1
17543 5 1
17543 6 2
17543 7 2
17543 8 3
17543 9 3
17543 10 0
17543 11 0
17543 12 1
17543 13 1
17543 14 2
17543 15 2
17543 16 3
17543 17 3
17543 18 0
17543 19 0
17543 31 -1
17543 32 -1
17543 33 -1
17543 34 -1
17543 35 -1
17543 36 -1
17543 37 -1
17543 38 -1
17543 39 -1
17543 40 3
17543 41 3
17543 42 0
17543 43 0
17543 44 1
17543 45 1
17543 46 2
17543 47 2
17543 48 3
17543 49 3
17543 50 0
17543 51 0
17543 52 1
17543 53 1
17543 54 2
17543 55 2
17543 56 3
17543 57 3
17543 58 0
17543 59 0
17543 111 -1
17543 112 -1
17543 113 -1
17543 114 -1
17543 115 -1
17543 116 -1
17543 117 -1
17543 118 -1
17543 119 -1
17544 0 3
17544 1 3
17544 2 0
17544 3 0
17544 4 1
17544 5 1
17544 6 2
17544 7 2
17544 8 3
17544 9 3
17544 10 0
17544 11 0
17544 12 1
17544 13 1
17544 14 2
17544 15 2
17544 16 3
17544 17 3
17544 18 0
17544 19 0
17544 31 -1
17544 32 -1
17544 33 -1
17544 34 -1
17544 35 -1
17544 36 -1
17544 37 -1
17544 38 -1
17544 39 -1
17544 40 3
17544 41 3
17544 42 0
17544 43 0
17544 44 1
17544 45 1
17544 46 2
17544 47 2
17544 48 3
17544 49 3
17544 50 0
17544 51 0
17544 52 1
17544 53 1
17544 54 2
17544 55 2
17544 56 3
17544 57 3
17544 58 0
17544 59 0
17544 111 -1
17544 112 -1
17544 113 -1
17544 114 -1
17544 115 -1
17544 116 -1
17544 117 -1
17544 118 -1
17544 119 -1
17545 0 0
17545 1 0
17545 2 3
17545 3 3
17545 4 2
17545 5 2
17545 6 1
17545 7 1
17545 8 0
17545 9 0
17545 10 3
17545 11 3
17545 12 2
17545 13 2
17545 14 1
17545 15 1
17545 16 0
17545 17 0
17545 18 3
17545 19 3
17545 31 -1
17545 32 -1
17545 33 -1
17545 34 -1
17545 35 -1
17545 36 -1
17545 37 -1
17545 38 -1
17545 39 -1
17545 40 0
17545 41 0
17545 42 3
17545 43 3
17545 44 2
17545 45 2
17545 46 1
17545 47 1
17545 48 0
17545 49 0
17545 50 3
17545 51 3
17545 52 2
17545 53 2
17545 54 1
17545 55 1
17545 56 0
17545 57 0
17545 58 3
17545 59 3
17545 111 -1
17545 112 -1
17545 113 -1
17545 114 -1
17545 115 -1
17545 116 -1
17545 117 -1
17545 118 -1
17545 119 -1
17548 0 1
17548 1 1
17548 2 2
17548 3 2
17548 4 3
17548 5 3
17548 6 0
17548 7 0
17548 8 1
17548 9 1
17548 10 2
17548 11 2
17548 12 3
17548 13 3
17548 14 0
17548 15 0
17548 16 1
17548 17 1
17548 18 2
17548 19 2
17548 31 -1
17548 32 -1
17548 33 -1
17548 34 -1
17548 35 -1
17548 36 -1
17548 37 -1
17548 38 -1
17548 39 -1
17548 40 1
17548 41 1
17548 42 2
17548 43 2
17548 44 3
17548 45 3
17548 46 0
17548 47 0
17548 48 1
17548 49 1
17548 50 2
17548 51 2
17548 52 3
17548 53 3
17548 54 0
17548 55 0
17548 56 1
17548 57 1
17548 58 2
17548 59 2
17548 111 -1
17548 112 -1
17548 113 -1
17548 114 -1
17548 115 -1
17548 116 -1
17548 117 -1
17548 118 -1
17548 119 -1
17550 0 1
17550 1 1
17550 2 2
17550 3 2
17550 4 3
17550 5 3
17550 6 0
17550 7 0
17550 8 1
17550 9 1
17550 10 2
17550 11 2
17550 12 3
17550 13 3
17550 14 0
17550 15 0
17550 16 1
17550 17 1
17550 18 2
17550 19 2
17550 31 -1
17550 32 -1
17550 33 -1
17550 34 -1
17550 35 -1
17550 36 -1
17550 37 -1
17550 38 -1
17550 39 -1
17550 40 1
17550 41 1
17550 42 2
17550 43 2
17550 44 3
17550 45 3
17550 46 0
17550 47 0
17550 48 1
17550 49 1
17550 50 2
17550 51 2
17550 52 3
17550 53 3
17550 54 0
17550 55 0
17550 56 1
17550 57 1
17550 58 2
17550 59 2
17550 111 -1
17550 112 -1
17550 113 -1
17550 114 -1
17550 115 -1
17550 116 -1
17550 117 -1
17550 118 -1
17550 119 -1
17553 0 1
17553 1 1
17553 2 2
17553 3 2
17553 4 0
17553 5 0
17553 6 3
17553 7 3
17553 8 1
17553 9 1
17553 10 2
17553 11 2
17553 12 0
17553 13 0
17553 14 3
17553 15 3
17553 16 1
17553 17 1
17553 18 2
17553 19 2
17553 31 -1
17553 32 -1
17553 33 -1
17553 34 -1
17553 35 -1
17553 36 -1
17553 37 -1
17553 38 -1
17553 39 -1
17553 40 1
17553 41 1
17553 42 2
17553 43 2
17553 44 0
17553 45 0
17553 46 3
17553 47 3
17553 48 1
17553 49 1
17553 50 2
17553 51 2
17553 52 0
17553 53 0
17553 54 3
17553 55 3
17553 56 1
17553 57 1
17553 58 2
17553 59 2
17553 73 1
17553 111 -1
17553 112 -1
17553 113 -1
17553 114 -1
17553 115 -1
17553 116 -1
17553 117 -1
17553 118 -1
17553 119 -1
17554 0 0
17554 1 0
17554 2 3
17554 3 3
17554 4 1
17554 5 1
17554 6 2
17554 7 2
17554 8 0
17554 9 0
17554 10 3
17554 11 3
17554 12 1
17554 13 1
17554 14 2
17554 15 2
17554 16 0
17554 17 0
17554 18 3
17554 19 3
17554 31 -1
17554 32 -1
17554 33 -1
17554 34 -1
17554 35 -1
17554 36 -1
17554 37 -1
17554 38 -1
17554 39 -1
17554 40 0
17554 41 0
17554 42 3
17554 43 3
17554 44 1
17554 45 1
17554 46 2
17554 47 2
17554 48 0
17554 49 0
17554 50 3
17554 51 3
17554 52 1
17554 53 1
17554 54 2
17554 55 2
17554 56 0
17554 57 0
17554 58 3
17554 59 3
17554 111 -1
17554 112 -1
17554 113 -1
17554 114 -1
17554 115 -1
17554 116 -1
17554 117 -1
17554 118 -1
17554 119 -1
17555 0 3
17555 1 3
17555 2 0
17555 3 0
17555 4 2
17555 5 2
17555 6 1
17555 7 1
17555 8 3
17555 9 3
17555 10 0
17555 11 0
17555 12 2
17555 13 2
17555 14 1
17555 15 1
17555 16 3
17555 17 3
17555 18 0
17555 19 0
17555 31 -1
17555 32 -1
17555 33 -1
17555 34 -1
17555 35 -1
17555 36 -1
17555 37 -1
17555 38 -1
17555 39 -1
17555 40 3
17555 41 3
17555 42 0
17555 43 0
17555 44 2
17555 45 2
17555 46 1
17555 47 1
17555 48 3
17555 49 3
17555 50 0
17555 51 0
17555 52 2
17555 53 2
17555 54 1
17555 55 1
17555 56 3
17555 57 3
17555 58 0
17555 59 0
17555 61 2
17555 111 -1
17555 112 -1
17555 113 -1
17555 114 -1
17555 115 -1
17555 116 -1
17555 117 -1
17555 118 -1
17555 119 -1
17556 0 2
17556 1 2
17556 2 1
17556 3 1
17556 4 3
17556 5 3
17556 6 0
17556 7 0
17556 8 2
17556 9 2
17556 10 1
17556 11 1
17556 12 3
17556 13 3
17556 14 0
17556 15 0
17556 16 2
17556 17 2
17556 18 1
17556 19 1
17556 31 -1
17556 32 -1
17556 33 -1
17556 34 -1
17556 35 -1
17556 36 -1
17556 37 -1
17556 38 -1
17556 39 -1
17556 40 2
17556 41 2
17556 42 1
17556 43 1
17556 44 3
17556 45 3
17556 46 0
17556 47 0
17556 48 2
17556 49 2
17556 50 1
17556 51 1
17556 52 3
17556 53 3
17556 54 0
17556 55 0
17556 56 2
17556 57 2
17556 58 1
17556 59 1
17556 111 -1
17556 112 -1
17556 113 -1
17556 114 -1
17556 115 -1
17556 116 -1
17556 117 -1
17556 118 -1
17556 119 -1
17558 0 2
17558 1 2
17558 2 1
17558 3 1
17558 4 0
17558 5 0
17558 6 3
17558 7 3
17558 8 2
17558 9 2
17558 10 1
17558 11 1
17558 12 0
17558 13 0
17558 14 3
17558 15 3
17558 16 2
17558 17 2
17558 18 1
17558 19 1
17558 31 -1
17558 32 -1
17558 33 -1
17558 34 -1
17558 35 -1
17558 36 -1
17558 37 -1
17558 38 -1
17558 39 -1
17558 40 2
17558 41 2
17558 42 1
17558 43 1
17558 44 0
17558 45 0
17558 46 3
17558 47 3
17558 48 2
17558 49 2
17558 50 1
17558 51 1
17558 52 0
17558 53 0
17558 54 3
17558 55 3
17558 56 2
17558 57 2
17558 58 1
17558 59 1
17558 111 -1
17558 112 -1
17558 113 -1
17558 114 -1
17558 115 -1
17558 116 -1
17558 117 -1
17558 118 -1
17558 119 -1
17560 0 3
17560 1 3
17560 2 0
17560 3 0
17560 4 1
17560 5 1
17560 6 2
17560 7 2
17560 8 3
17560 9 3
17560 10 0
17560 11 0
17560 12 1
17560 13 1
17560 14 2
17560 15 2
17560 16 3
17560 17 3
17560 18 0
17560 19 0
17560 31 -1
17560 32 -1
17560 33 -1
17560 34 -1
17560 35 -1
17560 36 -1
17560 37 -1
17560 38 -1
17560 39 -1
17560 40 3
17560 41 3
17560 42 0
17560 43 0
17560 44 1
17560 45 1
17560 46 2
17560 47 2
17560 48 3
17560 49 3
17560 50 0
17560 51 0
17560 52 1
17560 53 1
17560 54 2
17560 55 2
17560 56 3
17560 57 3
17560 58 0
17560 59 0
17560 111 -1
17560 112 -1
17560 113 -1
17560 114 -1
17560 115 -1
17560 116 -1
17560 117 -1
17560 118 -1
17560 119 -1
17561 0 0
17561 1 0
17561 2 3
17561 3 3
17561 4 2
17561 5 2
17561 6 1
17561 7 1
17561 8 0
17561 9 0
17561 10 3
17561 11 3
17561 12 2
17561 13 2
17561 14 1
17561 15 1
17561 16 0
17561 17 0
17561 18 3
17561 19 3
17561 31 -1
17561 32 -1
17561 33 -1
17561 34 -1
17561 35 -1
17561 36 -1
17561 37 -1
17561 38 -1
17561 39 -1
17561 40 0
17561 41 0
17561 42 3
17561 43 3
17561 44 2
17561 45 2
17561 46 1
17561 47 1
17561 48 0
17561 49 0
17561 50 3
17561 51 3
17561 52 2
17561 53 2
17561 54 1
17561 55 1
17561 56 0
17561 57 0
17561 58 3
17561 59 3
17561 111 -1
17561 112 -1
17561 113 -1
17561 114 -1
17561 115 -1
17561 116 -1
17561 117 -1
17561 118 -1
17561 119 -1
17562 0 1
17562 1 1
17562 2 2
17562 3 2
17562 4 3
17562 5 3
17562 6 0
17562 7 0
17562 8 1
17562 9 1
17562 10 2
17562 11 2
17562 12 3
17562 13 3
17562 14 0
17562 15 0
17562 16 1
17562 17 1
17562 18 2
17562 19 2
17562 31 -1
17562 32 -1
17562 33 -1
17562 34 -1
17562 35 -1
17562 36 -1
17562 37 -1
17562 38 -1
17562 39 -1
17562 40 1
17562 41 1
17562 42 2
17562 43 2
17562 44 3
17562 45 3
17562 46 0
17562 47 0
17562 48 1
17562 49 1
17562 50 2
17562 51 2
17562 52 3
17562 53 3
17562 54 0
17562 55 0
17562 56 1
17562 57 1
17562 58 2
17562 59 2
17562 111 -1
17562 112 -1
17562 113 -1
17562 114 -1
17562 115 -1
17562 116 -1
17562 117 -1
17562 118 -1
17562 119 -1
17566 0 1
17566 1 1
17566 2 2
17566 3 2
17566 4 0
17566 5 0
17566 6 3
17566 7 3
17566 8 1
17566 9 1
17566 10 2
17566 11 2
17566 12 0
17566 13 0
17566 14 3
17566 15 3
17566 16 1
17566 17 1
17566 18 2
17566 19 2
17566 31 -1
17566 32 -1
17566 33 -1
17566 34 -1
17566 35 -1
17566 36 -1
17566 37 -1
17566 38 -1
17566 39 -1
17566 40 1
17566 41 1
17566 42 2
17566 43 2
17566 44 0
17566 45 0
17566 46 3
17566 47 3
17566 48 1
17566 49 1
17566 50 2
17566 51 2
17566 52 0
17566 53 0
17566 54 3
17566 55 3
17566 56 1
17566 57 1
17566 58 2
17566 59 2
17566 111 -1
17566 112 -1
17566 113 -1
17566 114 -1
17566 115 -1
17566 116 -1
17566 117 -1
17566 118 -1
17566 119 -1
17568 0 1
17568 1 1
17568 2 2
17568 3 2
17568 4 0
17568 5 0
17568 6 3
17568 7 3
17568 8 1
17568 9 1
17568 10 2
17568 11 2
17568 12 0
17568 13 0
17568 14 3
17568 15 3
17568 16 1
17568 17 1
17568 18 2
17568 19 2
17568 31 -1
17568 32 -1
17568 33 -1
17568 34 -1
17568 35 -1
17568 36 -1
17568 37 -1
17568 38 -1
17568 39 -1
17568 40 1
17568 41 1
17568 42 2
17568 43 2
17568 44 0
17568 45 0
17568 46 3
17568 47 3
17568 48 1
17568 49 1
17568 50 2
17568 51 2
17568 52 0
17568 53 0
17568 54 3
17568 55 3
17568 56 1
17568 57 1
17568 58 2
17568 59 2
17568 111 -1
17568 112 -1
17568 113 -1
17568 114 -1
17568 115 -1
17568 116 -1
17568 117 -1
17568 118 -1
17568 119 -1
17570 0 0
17570 1 0
17570 2 3
17570 3 3
17570 4 1
17570 5 1
17570 6 2
17570 7 2
17570 8 0
17570 9 0
17570 10 3
17570 11 3
17570 12 1
17570 13 1
17570 14 2
17570 15 2
17570 16 0
17570 17 0
17570 18 3
17570 19 3
17570 31 -1
17570 32 -1
17570 33 -1
17570 34 -1
17570 35 -1
17570 36 -1
17570 37 -1
17570 38 -1
17570 39 -1
17570 40 0
17570 41 0
17570 42 3
17570 43 3
17570 44 1
17570 45 1
17570 46 2
17570 47 2
17570 48 0
17570 49 0
17570 50 3
17570 51 3
17570 52 1
17570 53 1
17570 54 2
17570 55 2
17570 56 0
17570 57 0
17570 58 3
17570 59 3
17570 111 -1
17570 112 -1
17570 113 -1
17570 114 -1
17570 115 -1
17570 116 -1
17570 117 -1
17570 118 -1
17570 119 -1
17571 0 3
17571 1 3
17571 2 0
17571 3 0
17571 4 2
17571 5 2
17571 6 1
17571 7 1
17571 8 3
17571 9 3
17571 10 0
17571 11 0
17571 12 2
17571 13 2
17571 14 1
17571 15 1
17571 16 3
17571 17 3
17571 18 0
17571 19 0
17571 31 -1
17571 32 -1
17571 33 -1
17571 34 -1
17571 35 -1
17571 36 -1
17571 37 -1
17571 38 -1
17571 39 -1
17571 40 3
17571 41 3
17571 42 0
17571 43 0
17571 44 2
17571 45 2
17571 46 1
17571 47 1
17571 48 3
17571 49 3
17571 50 0
17571 51 0
17571 52 2
17571 53 2
17571 54 1
17571 55 1
17571 56 3
17571 57 3
17571 58 0
17571 59 0
17571 111 -1
17571 112 -1
17571 113 -1
17571 114 -1
17571 115 -1
17571 116 -1
17571 117 -1
17571 118 -1
17571 119 -1
17572 0 2
17572 1 2
17572 2 1
17572 3 1
17572 4 3
17572 5 3
17572 6 0
17572 7 0
17572 8 2
17572 9 2
17572 10 1
17572 11 1
17572 12 3
17572 13 3
17572 14 0
17572 15 0
17572 16 2
17572 17 2
17572 18 1
17572 19 1
17572 31 -1
17572 32 -1
17572 33 -1
17572 34 -1
17572 35 -1
17572 36 -1
17572 37 -1
17572 38 -1
17572 39 -1
17572 40 2
17572 41 2
17572 42 1
17572 43 1
17572 44 3
17572 45 3
17572 46 0
17572 47 0
17572 48 2
17572 49 2
17572 50 1
17572 51 1
17572 52 3
17572 53 3
17572 54 0
17572 55 0
17572 56 2
17572 57 2
17572 58 1
17572 59 1
17572 111 -1
17572 112 -1
17572 113 -1
17572 114 -1
17572 115 -1
17572 116 -1
17572 117 -1
17572 118 -1
17572 119 -1
17573 0 2
17573 1 2
17573 2 1
17573 3 1
17573 4 0
17573 5 0
17573 6 3
17573 7 3
17573 8 2
17573 9 2
17573 10 1
17573 11 1
17573 12 0
17573 13 0
17573 14 3
17573 15 3
17573 16 2
17573 17 2
17573 18 1
17573 19 1
17573 31 -1
17573 32 -1
17573 33 -1
17573 34 -1
17573 35 -1
17573 36 -1
17573 37 -1
17573 38 -1
17573 39 -1
17573 40 2
17573 41 2
17573 42 1
17573 43 1
17573 44 0
17573 45 0
17573 46 3
17573 47 3
17573 48 2
17573 49 2
17573 50 1
17573 51 1
17573 52 0
17573 53 0
17573 54 3
17573 55 3
17573 56 2
17573 57 2
17573 58 1
17573 59 1
17573 111 -1
17573 112 -1
17573 113 -1
17573 114 -1
17573 115 -1
17573 116 -1
17573 117 -1
17573 118 -1
17573 119 -1
17576 0 3
17576 1 3
17576 2 0
17576 3 0
17576 4 1
17576 5 1
17576 6 2
17576 7 2
17576 8 3
17576 9 3
17576 10 0
17576 11 0
17576 12 1
17576 13 1
17576 14 2
17576 15 2
17576 16 3
17576 17 3
17576 18 0
17576 19 0
17576 31 -1
17576 32 -1
17576 33 -1
17576 34 -1
17576 35 -1
17576 36 -1
17576 37 -1
17576 38 -1
17576 39 -1
17576 40 3
17576 41 3
17576 42 0
17576 43 0
17576 44 1
17576 45 1
17576 46 2
17576 47 2
17576 48 3
17576 49 3
17576 50 0
17576 51 0
17576 52 1
17576 53 1
17576 54 2
17576 55 2
17576 56 3
17576 57 3
17576 58 0
17576 59 0
17576 94 2
17576 111 -1
17576 112 -1
17576 113 -1
17576 114 -1
17576 115 -1
17576 116 -1
17576 117 -1
17576 118 -1
17576 119 -1
17579 0 0
17579 1 0
17579 2 3
17579 3 3
17579 4 2
17579 5 2
17579 6 1
17579 7 1
17579 8 0
17579 9 0
17579 10 3
17579 11 3
17579 12 2
17579 13 2
17579 14 1
17579 15 1
17579 16 0
17579 17 0
17579 18 3
17579 19 3
17579 31 -1
17579 32 -1
17579 33 -1
17579 34 -1
17579 35 -1
17579 36 -1
17579 37 -1
17579 38 -1
17579 39 -1
17579 40 0
17579 41 0
17579 42 3
17579 43 3
17579 44 2
17579 45 2
17579 46 1
17579 47 1
17579 48 0
17579 49 0
17579 50 3
17579 51 3
17579 52 2
17579 53 2
17579 54 1
17579 55 1
17579 56 0
17579 57 0
17579 58 3
17579 59 3
17579 111 -1
17579 112 -1
17579 113 -1
17579 114 -1
17579 115 -1
17579 116 -1
17579 117 -1
17579 118 -1
17579 119 -1
17580 0 1
17580 1 1
17580 2 2
17580 3 2
17580 4 3
17580 5 3
17580 6 0
17580 7 0
17580 8 1
17580 9 1
17580 10 2
17580 11 2
17580 12 3
17580 13 3
17580 14 0
17580 15 0
17580 16 1
17580 17 1
17580 18 2
17580 19 2
17580 31 -1
17580 32 -1
17580 33 -1
17580 34 -1
17580 35 -1
17580 36 -1
17580 37 -1
17580 38 -1
17580 39 -1
17580 40 1
17580 41 1
17580 42 2
17580 43 2
17580 44 3
17580 45 3
17580 46 0
17580 47 0
17580 48 1
17580 49 1
17580 50 2
17580 51 2
17580 52 3
17580 53 3
17580 54 0
17580 55 0
17580 56 1
17580 57 1
17580 58 2
17580 59 2
17580 111 -1
17580 112 -1
17580 113 -1
17580 114 -1
17580 115 -1
17580 116 -1
17580 117 -1
17580 118 -1
17580 119 -1
17581 0 1
17581 1 1
17581 2 2
17581 3 2
17581 4 0
17581 5 0
17581 6 3
17581 7 3
17581 8 1
17581 9 1
17581 10 2
17581 11 2
17581 12 0
17581 13 0
17581 14 3
17581 15 3
17581 16 1
17581 17 1
17581 18 2
17581 19 2
17581 31 -1
17581 32 -1
17581 33 -1
17581 34 -1
17581 35 -1
17581 36 -1
17581 37 -1
17581 38 -1
17581 39 -1
17581 40 1
17581 41 1
17581 42 2
17581 43 2
17581 44 0
17581 45 0
17581 46 3
17581 47 3
17581 48 1
17581 49 1
17581 50 2
17581 51 2
17581 52 0
17581 53 0
17581 54 3
17581 55 3
17581 56 1
17581 57 1
17581 58 2
17581 59 2
17581 111 -1
17581 112 -1
17581 113 -1
17581 114 -1
17581 115 -1
17581 116 -1
17581 117 -1
17581 118 -1
17581 119 -1
17583 0 0
17583 1 0
17583 2 3
17583 3 3
17583 4 1
17583 5 1
17583 6 2
17583 7 2
17583 8 0
17583 9 0
17583 10 3
17583 11 3
17583 12 1
17583 13 1
17583 14 2
17583 15 2
17583 16 0
17583 17 0
17583 18 3
17583 19 3
17583 31 -1
17583 32 -1
17583 33 -1
17583 34 -1
17583 35 -1
17583 36 -1
17583 37 -1
17583 38 -1
17583 39 -1
17583 40 0
17583 41 0
17583 42 3
17583 43 3
17583 44 1
17583 45 1
17583 46 2
17583 47 2
17583 48 0
17583 49 0
17583 50 3
17583 51 3
17583 52 1
17583 53 1
17583 54 2
17583 55 2
17583 56 0
17583 57 0
17583 58 3
17583 59 3
17583 111 -1
17583 112 -1
17583 113 -1
17583 114 -1
17583 115 -1
17583 116 -1
17583 117 -1
17583 118 -1
17583 119 -1
17586 0 3
17586 1 3
17586 2 0
17586 3 0
17586 4 2
17586 5 2
17586 6 1
17586 7 1
17586 8 3
17586 9 3
17586 10 0
17586 11 0
17586 12 2
17586 13 2
17586 14 1
17586 15 1
17586 16 3
17586 17 3
17586 18 0
17586 19 0
17586 31 -1
17586 32 -1
17586 33 -1
17586 34 -1
17586 35 -1
17586 36 -1
17586 37 -1
17586 38 -1
17586 39 -1
17586 40 3
17586 41 3
17586 42 0
17586 43 0
17586 44 2
17586 45 2
17586 46 1
17586 47 1
17586 48 3
17586 49 3
17586 50 0
17586 51 0
17586 52 2
17586 53 2
17586 54 1
17586 55 1
17586 56 3
17586 57 3
17586 58 0
17586 59 0
17586 111 -1
17586 112 -1
17586 113 -1
17586 114 -1
17586 115 -1
17586 116 -1
17586 117 -1
17586 118 -1
17586 119 -1
17587 0 2
17587 1 2
17587 2 1
17587 3 1
17587 4 3
17587 5 3
17587 6 0
17587 7 0
17587 8 2
17587 9 2
17587 10 1
17587 11 1
17587 12 3
17587 13 3
17587 14 0
17587 15 0
17587 16 2
17587 17 2
17587 18 1
17587 19 1
17587 31 -1
17587 32 -1
17587 33 -1
17587 34 -1
17587 35 -1
17587 36 -1
17587 37 -1
17587 38 -1
17587 39 -1
17587 40 2
17587 41 2
17587 42 1
17587 43 1
17587 44 3
17587 45 3
17587 46 0
17587 47 0
17587 48 2
17587 49 2
17587 50 1
17587 51 1
17587 52 3
17587 53 3
17587 54 0
17587 55 0
17587 56 2
17587 57 2
17587 58 1
17587 59 1
17587 111 -1
17587 112 -1
17587 113 -1
17587 114 -1
17587 115 -1
17587 116 -1
17587 117 -1
17587 118 -1
17587 119 -1
17589 0 2
17589 1 2
17589 2 1
17589 3 1
17589 4 0
17589 5 0
17589 6 3
17589 7 3
17589 8 2
17589 9 2
17589 10 1
17589 11 1
17589 12 0
17589 13 0
17589 14 3
17589 15 3
17589 16 2
17589 17 2
17589 18 1
17589 19 1
17589 31 -1
17589 32 -1
17589 33 -1
17589 34 -1
17589 35 -1
17589 36 -1
17589 37 -1
17589 38 -1
17589 39 -1
17589 40 2
17589 41 2
17589 42 1
17589 43 1
17589 44 0
17589 45 0
17589 46 3
17589 47 3
17589 48 2
17589 49 2
17589 50 1
17589 51 1
17589 52 0
17589 53 0
17589 54 3
17589 55 3
17589 56 2
17589 57 2
17589 58 1
17589 59 1
17589 111 -1
17589 112 -1
17589 113 -1
17589 114 -1
17589 115 -1
17589 116 -1
17589 117 -1
17589 118 -1
17589 119 -1
17593 0 2
17593 1 2
17593 2 1
17593 3 1
17593 4 0
17593 5 0
17593 6 3
17593 7 3
17593 8 2
17593 9 2
17593 10 1
17593 11 1
17593 12 0
17593 13 0
17593 14 3
17593 15 3
17593 16 2
17593 17 2
17593 18 1
17593 19 1
17593 31 -1
17593 32 -1
17593 33 -1
17593 34 -1
17593 35 -1
17593 36 -1
17593 37 -1
17593 38 -1
17593 39 -1
17593 40 2
17593 41 2
17593 42 1
17593 43 1
17593 44 0
17593 45 0
17593 46 3
17593 47 3
17593 48 2
17593 49 2
17593 50 1
17593 51 1
17593 52 0
17593 53 0
17593 54 3
17593 55 3
17593 56 2
17593 57 2
17593 58 1
17593 59 1
17593 111 -1
17593 112 -1
17593 113 -1
17593 114 -1
17593 115 -1
17593 116 -1
17593 117 -1
17593 118 -1
17593 119 -1
17594 0 3
17594 1 3
17594 2 0
17594 3 0
17594 4 1
17594 5 1
17594 6 2
17594 7 2
17594 8 3
17594 9 3
17594 10 0
17594 11 0
17594 12 1
17594 13 1
17594 14 2
17594 15 2
17594 16 3
17594 17 3
17594 18 0
17594 19 0
17594 31 -1
17594 32 -1
17594 33 -1
17594 34 -1
17594 35 -1
17594 36 -1
17594 37 -1
17594 38 -1
17594 39 -1
17594 40 3
17594 41 3
17594 42 0
17594 43 0
17594 44 1
17594 45 1
17594 46 2
17594 47 2
17594 48 3
17594 49 3
17594 50 0
17594 51 0
17594 52 1
17594 53 1
17594 54 2
17594 55 2
17594 56 3
17594 57 3
17594 58 0
17594 59 0
17594 111 -1
17594 112 -1
17594 113 -1
17594 114 -1
17594 115 -1
17594 116 -1
17594 117 -1
17594 118 -1
17594 119 -1
17596 0 0
17596 1 0
17596 2 3
17596 3 3
17596 4 2
17596 5 2
17596 6 1
17596 7 1
17596 8 0
17596 9 0
17596 10 3
17596 11 3
17596 12 2
17596 13 2
17596 14 1
17596 15 1
17596 16 0
17596 17 0
17596 18 3
17596 19 3
17596 31 -1
17596 32 -1
17596 33 -1
17596 34 -1
17596 35 -1
17596 36 -1
17596 37 -1
17596 38 -1
17596 39 -1
17596 40 0
17596 41 0
17596 42 3
17596 43 3
17596 44 2
17596 45 2
17596 46 1
17596 47 1
17596 48 0
17596 49 0
17596 50 3
17596 51 3
17596 52 2
17596 53 2
17596 54 1
17596 55 1
17596 56 0
17596 57 0
17596 58 3
17596 59 3
17596 111 -1
17596 112 -1
17596 113 -1
17596 114 -1
17596 115 -1
17596 116 -1
17596 117 -1
17596 118 -1
17596 119 -1
17600 0 1
17600 1 1
17600 2 2
17600 3 2
17600 4 0
17600 5 0
17600 6 3
17600 7 3
17600 8 1
17600 9 1
17600 10 2
17600 11 2
17600 12 0
17600 13 0
17600 14 3
17600 15 3
17600 16 1
17600 17 1
17600 18 2
17600 19 2
17600 31 -1
17600 32 -1
17600 33 -1
17600 34 -1
17600 35 -1
17600 36 -1
17600 37 -1
17600 38 -1
17600 39 -1
17600 40 1
17600 41 1
17600 42 2
17600 43 2
17600 44 0
17600 45 0
17600 46 3
17600 47 3
17600 48 1
17600 49 1
17600 50 2
17600 51 2
17600 52 0
17600 53 0
17600 54 3
17600 55 3
17600 56 1
17600 57 1
17600 58 2
17600 59 2
17600 111 -1
17600 112 -1
17600 113 -1
17600 114 -1
17600 115 -1
17600 116 -1
17600 117 -1
17600 118 -1
17600 119 -1
17601 0 0
17601 1 0
17601 2 3
17601 3 3
17601 4 1
17601 5 1
17601 6 2
17601 7 2
17601 8 0
17601 9 0
17601 10 3
17601 11 3
17601 12 1
17601 13 1
17601 14 2
17601 15 2
17601 16 0
17601 17 0
17601 18 3
17601 19 3
17601 31 -1
17601 32 -1
17601 33 -1
17601 34 -1
17601 35 -1
17601 36 -1
17601 37 -1
17601 38 -1
17601 39 -1
17601 40 0
17601 41 0
17601 42 3
17601 43 3
17601 44 1
17601 45 1
17601 46 2
17601 47 2
17601 48 0
17601 49 0
17601 50 3
17601 51 3
17601 52 1
17601 53 1
17601 54 2
17601 55 2
17601 56 0
17601 57 0
17601 58 3
17601 59 3
17601 111 -1
17601 112 -1
17601 113 -1
17601 114 -1
17601 115 -1
17601 116 -1
17601 117 -1
17601 118 -1
17601 119 -1
